NUM_STATION,THROUGHPUT,SUCCESS_RATE,NUM_TX,ALPHA,FAIL_COUNT,TX_TRY,AVG_OCW
1,15.881082454580108,100.0,100000.0,7.999999999999999,0.0,1.0,8.0
2,27.788902299580727,87.50263739605218,199972.44,3.795728690446839,0.14282287901983454,2.0,9.01994432990527
3,36.25041608436031,76.74862559758166,297414.56,2.4673287816818257,0.3029524603084901,2.92,10.203005997898424
4,41.14992377080421,68.53842411453812,378054.6,1.8221290252067535,0.45903707870300847,3.66,11.399829062093863
5,43.22881463600559,63.416549583398464,429230.42,1.4128051046454642,0.5768761594825242,4.18,12.342791534345102
6,44.22177296404523,60.11931040465167,463171.66,1.1812364275042568,0.6633597727901618,4.46,13.059866808099821
7,44.74388578325501,57.80003225540927,487444.7,1.0070310273968845,0.7301059550446068,5.1,13.618332001920319
8,44.91213314699531,56.37858002780733,501613.68,0.88479854668695,0.7737333126748693,5.22,13.979374827651302
9,45.034601702452036,55.29106671775152,512874.42,0.7961229617420752,0.8086172064725123,5.2,14.273097510463662
10,45.227001016389266,54.16936258905127,525731.18,0.7208603453659919,0.8460739769670677,5.78,14.588964022196443
11,45.32712806504892,53.30863365402073,535402.3,0.6514682557053466,0.8758782988508859,5.62,14.841590428870719
12,45.50667323084741,52.44311802847332,546394.52,0.6011037754178725,0.9068410522014487,5.56,15.106999489620234
13,45.49640134671577,51.96239266732336,551324.94,0.5557003772196477,0.9244837190575346,6.26,15.252571018019232
14,45.60003811459788,51.23277655169811,560450.14,0.519113774527222,0.9518796303535264,6.24,15.48437766382599
15,45.69835789607418,50.654001026001936,568076.16,0.48582786006458506,0.9742087249679215,6.22,15.67955632506314
16,45.535907127429816,50.727039326710035,565241.8,0.45684089440598386,0.9713538344743491,5.94,15.651618137207981
17,45.672509846271126,50.12149279570054,573786.92,0.43069505508875716,0.9951651321202312,6.56,15.853314819546558
18,45.67409477830008,49.813108158935265,577359.1,0.4088515636809504,1.0075220059430208,6.68,15.957569554947206
19,45.739458137466656,49.40929312291743,582910.62,0.38861896219880754,1.0239315026280107,6.4,16.093252073656675
20,45.83822576546816,48.92913206184415,589902.16,0.3687661090730503,1.0437876855801231,7.04,16.267577859589167
21,45.62919578198451,49.279429229590626,583037.92,0.35285375931767793,1.0292524381193917,6.86,16.13709270680029
22,45.75978909922502,48.870190083896894,589602.92,0.33710679113060216,1.0462658241404306,7.1,16.29012718339641
23,45.804541989582006,48.51764531858544,594468.14,0.32379082611167775,1.0611338608843985,7.38,16.410366494463542
24,45.79607737263372,48.35275455160091,596385.24,0.3109630279245106,1.0681600355472485,7.02,16.470129251820264
25,45.7846811078643,48.17288034552692,598463.1,0.2986775484233944,1.0758795185884167,7.8,16.538850620791557
26,45.83044721128191,48.04079899815472,600708.34,0.28737596708501206,1.0815757212097241,7.04,16.583013305954683
27,45.80248697751238,47.84791530059523,602761.88,0.27784921011200925,1.089973703754982,7.18,16.653158299396
28,45.842996442637535,47.66831005544718,605568.12,0.26819781340236654,1.097855896880221,7.64,16.722898240231437
29,45.87325308092999,47.444360037584076,608828.32,0.25958532611563234,1.107748271260833,7.6,16.802010933926752
30,45.97120442129335,47.12414354704933,614273.88,0.2509895482019465,1.122099665242508,7.76,16.925725503039494
31,45.92990407826197,47.14280058434616,613479.36,0.24339077835333506,1.1212524791397294,8.16,16.925131662115618
32,45.70374475924279,47.7252243046319,603008.7,0.23684881780847675,1.0953520129202121,7.96,16.6966937070411
33,45.803185745140375,47.39390053972424,608545.54,0.22989034686787257,1.1100093063322445,7.94,16.82626745416983
34,45.826419768771444,47.153481737663654,611958.34,0.2231869780677619,1.1207620025185911,8.18,16.91766868185083
35,45.85258861644008,46.98175012335551,614545.96,0.21675007418244402,1.1285200375411082,8.18,16.987533927236203
36,45.86652903061872,46.84675884832256,616504.32,0.21112232970201522,1.1346450879019359,7.92,17.0335126268883
37,45.917735992885284,46.79196249808163,617915.56,0.2052435942447266,1.137143766776456,8.04,17.05783333147514
38,45.883226400711465,46.7608634646207,617861.58,0.20058044753083376,1.1386037155340798,8.4,17.069235087396816
39,45.87621331469953,46.622924750883165,619594.82,0.19549618985967362,1.1449056807631732,7.98,17.120981551970683
40,45.88382035319526,46.577352467532435,620303.92,0.19069937819901286,1.1469842463316107,8.74,17.139540327876347
41,45.938448100622544,46.396429344052294,623464.14,0.18607739338144064,1.1553585260114816,8.66,17.21105512879103
42,45.90220429424471,46.40959050279019,622795.62,0.18178494983330343,1.1547424869331941,8.78,17.200955097525267
43,45.863397281158676,46.47378804477012,621409.56,0.17790228533828592,1.1517907900586508,8.64,17.174485621484635
44,45.89461313683141,46.314807679625446,623966.66,0.17414967100071116,1.1591948159134118,8.58,17.240228377961667
45,45.92796023376954,46.24389289405988,625377.98,0.1702450812309331,1.1625008377863193,8.72,17.268261356822812
46,45.92846525219157,46.20258235563094,625943.88,0.16690877980842203,1.1644425750038185,9.14,17.28231744098
47,45.93477004192606,46.07980736960366,627697.82,0.16321115510461703,1.1701788727326532,9.44,17.334230524958468
48,45.88656142802695,46.189885448095545,625544.8,0.16009858611712374,1.1650113913541738,8.78,17.28972068422972
49,45.91613200355736,46.05466252318953,627785.74,0.15698551626122786,1.1713759932638526,9.3,17.34131967253644
50,45.927207470461184,45.95837307675609,629252.76,0.15395312072857437,1.175948372013054,8.9,17.37802097458804
51,45.90518676152967,45.9650519113447,628859.6,0.15093104762078768,1.175619220620981,9.36,17.376352828344388
52,45.92872887816034,45.87727452614863,630386.06,0.1481775294426561,1.1797802865008689,9.42,17.41097592677428
53,45.90821051962902,45.83577902861346,630674.86,0.14547226475139735,1.1817451730325406,8.86,17.423590354123583
54,45.9491297166815,45.787268970055685,631905.74,0.14281582322922504,1.1840920243337052,9.64,17.452226236951628
55,45.942053106339756,45.7559513195466,632240.86,0.140174717024684,1.1855614350745431,9.44,17.460632636515967
56,45.92404395883622,45.70942807054258,632636.32,0.13774151870774382,1.1878066660861029,9.58,17.479226070013794
57,45.947913225765475,45.64485425643853,633860.66,0.13548201879921254,1.190900863092924,9.82,17.50211858806758
58,45.94581057044849,45.57037200505329,634867.34,0.1331689209827793,1.1944598395977237,9.74,17.534909619801752
59,45.95836297802059,45.50929865363794,635893.12,0.1310162880570404,1.1974127388714415,10.02,17.56189284329165
60,46.01895248380131,45.33767988088028,639141.64,0.12878264035531664,1.2057453699978609,10.08,17.630869277678492
61,46.0305996696735,45.13026038093575,642241.74,0.1266668163915031,1.215872486081294,10.14,17.71883070688918
62,46.06734849447339,45.05878708385944,643773.98,0.12482121673119885,1.2193939605198667,9.8,17.74799345504087
63,46.007937365010804,45.2990820551184,639533.24,0.12280731898239036,1.207601525125205,10.06,17.648459581511577
64,45.76309554059204,46.20913558849415,623601.54,0.12126279749564338,1.1641318308317514,10.5,17.278181426669825
65,45.80682251302248,45.98145499026464,627288.36,0.11942560292938921,1.1748586684151725,10.38,17.37143837507018
66,45.84145915385593,45.797948885189406,630277.84,0.11766285161854784,1.183582030535805,10.4,17.436971237098
67,45.88127302756956,45.675806416905225,632512.34,0.11591378479144603,1.1894297068453785,10.44,17.496047981950046
68,45.89552788718079,45.55971687494597,634321.12,0.11424419127890721,1.1949928646688734,10.16,17.540857716028828
69,45.90603798754924,45.493033142779296,635396.36,0.11263018421606062,1.1982023384148501,11.1,17.567381495556774
70,45.91410557743616,45.44614933344512,636163.56,0.1110272174462356,1.2004934358227164,10.7,17.58760690923305
71,45.933975987803336,45.397883592984435,637115.62,0.10948053603483153,1.202823626728631,10.52,17.610441091252405
72,45.9228338203532,45.3816805579187,637188.38,0.10795980496687366,1.203612078557918,11.16,17.61421552404427
73,45.93656778045992,45.3477019725327,637856.44,0.10646379408442373,1.2052472078294258,10.6,17.629695557188626
74,45.95303963918181,45.32378912804699,638421.96,0.10514116993010525,1.2064101501414424,11.14,17.639434925861202
75,45.92838267056284,45.30955263814741,638279.92,0.10378537482355793,1.207115491637601,10.98,17.646128010818085
76,45.942726464235804,45.250380731094204,639314.3,0.10249416531171213,1.2100211807426113,11.22,17.669161290145915
77,45.93695527887182,45.27723783220157,638854.64,0.10114283820784493,1.2087004263700607,11.7,17.658586705937203
78,45.928948037098195,45.215451599815644,639616.08,0.0998750064586671,1.2117238910015151,11.1,17.686653528221914
79,45.940096556981324,45.15759161523909,640591.26,0.09857881315187689,1.21456100357652,10.92,17.709961430075403
80,45.925323974082076,45.24593480268206,639134.7,0.09750027893489344,1.2102244203431416,11.44,17.670485156340675
81,45.9267437428535,45.175137542210095,640156.2,0.09624164833840836,1.2136667852493483,11.2,17.70194473945087
82,45.92270041926057,45.130170529302696,640737.5,0.09517287413088155,1.2159155805348445,11.46,17.71856270339931
83,45.955675898869266,45.1391287120383,641070.26,0.09397211640313916,1.2154558516053342,11.94,17.718843796836136
84,45.96089124634734,45.06831162618699,642150.6,0.0928586867532573,1.218948546763765,12.22,17.74745662264657
85,45.92655952229704,45.14330451662256,640605.06,0.09184374581858437,1.2152575454128738,11.78,17.717258495283467
86,45.950092110278234,45.120018433906246,641263.84,0.09082704988414136,1.2164055959485445,12.0,17.72427861024771
87,45.96313683140643,45.05829159829828,642324.76,0.08982003642329146,1.2194375911420499,11.9,17.752773206726168
88,45.93037733451911,45.046451644469634,642035.72,0.08873987078840885,1.2200143240776864,12.38,17.754599803763643
89,45.93147312920849,45.0031905936868,642668.1,0.0877427210537152,1.222104732228658,12.3,17.77489337677787
90,45.935262355482166,45.02101470971948,642466.72,0.086856630335408,1.221274524239563,12.34,17.768791428831896
91,45.92598780332869,44.98382388598536,642868.28,0.08594016987113658,1.223120041740019,12.44,17.785230411962928
92,45.957553042815405,44.96813851029715,643534.5,0.08501665603071437,1.2238921125163307,11.88,17.7927682589998
93,45.97143628509719,44.93950841144284,644138.84,0.08408634177523956,1.2252947563330716,12.44,17.79984328808491
94,45.977055012069606,44.83930644267954,645657.2,0.08319490916597984,1.2302764413052385,12.6,17.843283671607388
95,45.98167640706391,44.845658026193036,645630.76,0.08231530876140222,1.2299961221331221,12.58,17.8413897163588
96,45.91284461948925,45.10517905981189,640954.86,0.08155899951459814,1.21712937153482,12.96,17.732589900609234
97,45.93010735611739,45.00457040507481,642629.22,0.08068522700606717,1.2220830129570603,13.14,17.77703432204484
98,45.93584677931647,44.93825291793483,643658.24,0.0798902067580633,1.2253955674029302,13.0,17.80157771535683
99,45.95721636386737,44.911493593574285,644341.38,0.07911238346182346,1.2266843033300896,12.56,17.812289003949648
100,45.943869902172544,44.87468197788478,644682.68,0.07829741000351968,1.2285316711759757,12.94,17.83249640654386
