NUM_STATION,THROUGHPUT,SUCCESS_RATE,NUM_TX,ALPHA,FAIL_COUNT,TX_TRY,AVG_OCW
1,15.881082454580108,100.0,100000.0,7.999999999999999,0.0,1.0,8.0
2,27.79009020454834,87.49432,200000.0,7.47453548565803,0.14293155258210358,2.0,8.0
3,36.47387879557871,76.55624,300000.0,6.919625445622069,0.3062274582920753,3.0,8.0
4,42.55148964553423,66.98455499999999,400000.0,6.5752510239414335,0.49288011180934715,4.0,8.0
5,46.56572544784653,58.64376732444155,499993.56,6.059483854046396,0.705211085549194,5.0,8.001179321884964
6,48.869962520645394,51.2893774589177,599976.86,5.633359611336939,0.9497199474376703,6.0,8.004273603133214
7,49.87901473764452,44.89523389418867,699580.34,5.234029482438766,1.2274086320534408,7.0,8.069277656338743
8,49.89256130097828,39.38554455398335,797662.26,4.837885332048695,1.5390116846241955,8.0,8.331098413422382
9,49.1588743488756,34.61692576164742,894197.6,4.48120048837201,1.8887674492626665,9.0,8.593672347258565
10,48.13297230339221,31.21344746944327,971004.4,2.544897346500848,2.203766450476419,10.0,8.791601568969458
11,47.40230275695591,29.455675733775738,1013330.24,1.745073496742971,2.3949611121424135,10.8,9.148882219478187
12,47.17280523440478,29.048352913032645,1022564.38,1.326266656028325,2.442590855618458,11.26,9.774737129169415
13,47.36478528776521,29.68195070898755,1004809.58,1.0856431210126702,2.3690932526696535,10.58,10.79437871749882
14,48.059153855926816,32.07030919564703,943612.26,0.9394077572704232,2.1182236947653856,10.42,12.815427568612966
15,48.5552725193749,36.53990659091494,836736.76,0.8590002676933657,1.7367985795118517,9.4,16.220212517485958
16,48.2944447973574,38.79156590184762,783934.48,0.7840767726304254,1.577887319445979,8.56,18.031614731344416
17,48.18670753398551,38.99719523799301,778061.32,0.7136782556438582,1.5643076761087928,8.84,18.075355993608767
18,48.07997713124126,39.28731041882183,770605.04,0.6545753905274388,1.5453730229320857,8.08,18.05493026476247
19,47.95119425740057,39.398485263035965,766372.18,0.6024723376728488,1.5381712981551194,8.9,18.096673992343074
20,47.87592745521534,39.657926341157264,760163.58,0.5600696330686425,1.5216043508924109,8.44,18.062317321450355
21,47.828220683521785,39.76713825518548,757320.48,0.5251410077412776,1.5146541582303197,8.38,18.087362136090384
22,47.746871426756464,39.77472308876552,755888.16,0.4895047147817691,1.514182176680387,8.18,18.137847078274284
23,47.70501842205565,39.92581842025184,752367.72,0.46222161110955556,1.5046742233224333,8.4,18.127890947489618
24,47.60510417990092,40.10951248939441,747353.32,0.4377423644982543,1.4931888386558168,8.02,18.09064934623368
25,47.58199720492948,40.04456595172368,748201.86,0.4133816385729223,1.497246563026472,8.74,18.15915214667138
26,47.51738025663829,40.105281439755366,746054.88,0.3927670465124101,1.493452139212467,9.0,18.163041645327766
27,47.478217507305295,40.05628665773872,746351.8,0.37390813496804226,1.496516397685761,8.88,18.219734647071487
28,47.46301295896328,40.07377344258328,745787.06,0.3571356730963285,1.4954346370477827,9.46,18.244463548044177
29,47.3756638292466,40.51123805113699,736375.98,0.34297430182213956,1.4684706526001423,9.1,18.08294970403736
30,47.369606784398435,40.376898361218174,738731.64,0.3280341418886381,1.476680693235054,8.88,18.16828605198281
31,47.34190382416465,40.371894717448065,738391.08,0.3146154462562758,1.4769914029662852,9.18,18.192684856422428
32,47.31206644644901,40.42722249430323,736915.88,0.3034540996082127,1.4736024172307327,9.22,18.186802536553383
33,47.2792370727989,40.50604194086047,734971.56,0.29187447550776185,1.4688042642901038,9.66,18.171906488469446
34,47.25589505780713,40.465956367143875,735336.28,0.28146365957188146,1.4712488220485624,9.54,18.205755093246836
35,47.23837822385975,40.54069360280292,733708.54,0.27142773497055706,1.46667004839907,9.56,18.192233412679432
36,47.20412590522169,40.5204030798041,733543.84,0.26286946954880736,1.4679453079972062,9.16,18.218047159681667
37,47.204030618726954,40.4857172551364,734170.52,0.2545869817995314,1.4700520266049124,9.26,18.24347013995174
38,47.17572100114344,40.34207083964854,736343.16,0.2465936353166192,1.4788357830305086,9.42,18.31850164663628
39,47.11879367297675,40.65340481145724,729822.18,0.2394978910549746,1.4598560382281767,9.56,18.202727548021144
40,47.06212361834582,41.173419888305574,719737.88,0.2331256946851998,1.4287769996400466,9.6,18.00403975832454
41,47.06478846398168,40.9938062099175,722932.58,0.22603956805416278,1.4394264000644192,9.86,18.08678272612971
42,47.05245521534747,40.912977305802066,724171.04,0.21981170762115163,1.4442646510377437,9.72,18.133312786027005
43,47.04474653792403,40.8714728971572,724787.48,0.21398927474370819,1.4467410381432462,9.46,18.151999235962855
44,47.01121839664591,40.87668657741129,724178.62,0.20838959206836857,1.4464377034538123,10.06,18.166679227272436
45,47.00497395502478,40.87423622654159,724125.78,0.20289986811795424,1.4465785319075064,10.76,18.179400008096835
46,47.0004541989582,40.95647793025326,722602.18,0.19821823940598912,1.4416774379374337,10.58,18.15411986687972
47,46.988168593571345,40.954367414838664,722450.56,0.19335502587854367,1.4417784277194305,10.32,18.1608853160505
48,46.967202388514785,41.01662240419292,721031.94,0.18829657681295411,1.4380388179969947,9.92,18.14491670785307
49,46.96114851988312,40.92675632455393,722522.28,0.18374229981910012,1.4433905563140152,10.44,18.18470516402229
50,46.940976368949315,41.077072245739565,719569.12,0.1801225937075538,1.434503317166433,10.4,18.129399874540844
51,46.898713632321176,41.14016237948146,717818.62,0.17610067165543752,1.4307514457898258,10.4,18.111367805176457
52,46.90123872443145,41.08415958971537,718835.84,0.17238497669360242,1.4340707883628514,10.62,18.13921276313359
53,46.90403697115995,41.06247369032988,719258.4,0.16856372232985278,1.4353654464642236,10.64,18.152976180170796
54,46.91423262609581,41.0865591815436,718992.94,0.16513959699476785,1.4339348851366953,10.48,18.15194395657666
55,46.88403633591667,41.050850640333294,719155.28,0.16173697805662546,1.436036450619239,10.62,18.17382937451168
56,46.86299707788082,41.165752473501506,716825.78,0.15857151377488543,1.4292450742222667,10.24,18.13076050067737
57,46.86112628636767,41.122315040317375,717554.66,0.1553608817102033,1.4317916897432912,10.68,18.155364633255818
58,46.86490598399186,41.10230462103719,717961.88,0.15252463810044684,1.4329951939482228,10.68,18.16536905213767
59,46.836926692923406,41.13886799741099,716895.42,0.14975714296459436,1.4308448932327533,10.8,18.156697106848295
60,46.85052407572098,41.09543794337811,717861.42,0.14698943654905813,1.4333929778615442,10.92,18.17499665495838
61,46.82935459280905,41.10250275759205,717413.82,0.14417191884635186,1.432969259435151,11.24,18.174023859245086
62,46.82330072417735,41.09339379060334,717479.94,0.14166309334451246,1.4335400723695697,11.36,18.188559028812705
63,46.812673103798744,41.10982375825599,717030.38,0.1391891802779722,1.4325361953652103,11.38,18.18601588808671
64,46.82379621394995,41.139408101357965,716685.24,0.13697308723729174,1.4308004189091799,11.34,18.17499669041841
65,46.807187777918955,41.12195335021147,716735.12,0.13443611609712758,1.4318036279316186,11.32,18.186261097589124
66,46.80728941684664,41.05201516461164,717957.5,0.132307506543974,1.435989012774138,11.9,18.21618906653856
67,46.80815652394867,41.0316714805555,718327.06,0.1301338306683997,1.4371732761751,12.16,18.227080958622704
68,46.81029729386354,40.87533043207855,721107.44,0.12787044219147045,1.4465266196244675,11.58,18.29496278449076
69,46.80330644136703,40.74325246488613,723336.96,0.1258603361021206,1.454440808517486,11.52,18.350219252059233
70,46.81739931393725,40.780616742900904,722891.7,0.12408852315428398,1.4522437444788345,11.68,18.343575079554824
71,46.76186952102655,41.11982561756759,716078.2,0.12215635175143982,1.431979693978225,11.5,18.2087897332554
72,46.6687079151315,41.90698056429664,701227.96,0.120437192484272,1.3862520762287267,12.08,17.900843415306966
73,46.669759242789986,41.73309679253851,704165.56,0.11877038450326285,1.3962147920830257,11.86,17.972740511467318
74,46.67849701435648,41.58830606014945,706749.42,0.11693853093156774,1.4045528676590953,12.02,18.03249066667717
75,46.695324609325354,41.50479303714692,708426.78,0.11523524229765245,1.4093728594825174,12.2,18.07146727878288
76,46.717913861008746,41.429117395201885,710063.94,0.11362948812183825,1.4138278864281184,12.44,18.102751381714302
77,46.71455342396138,41.39592070449519,710582.44,0.11198483394781551,1.4157674764489452,11.9,18.122418194412163
78,46.72085821369582,41.38713567570027,710829.16,0.11039559358402848,1.4162709815710774,12.58,18.12083078628996
79,46.700330326515065,41.35711090283218,711032.7,0.10899945003488024,1.4180085365378454,12.62,18.138795906278414
80,46.683258162876385,41.35828835375597,710752.58,0.1074619356708656,1.4179466232539186,12.46,18.141139105097253
81,46.707184601702465,41.370223672645615,710911.62,0.10604682832938739,1.4172524343856758,12.4,18.13419381142131
82,46.696855545674005,41.36420901305974,710857.86,0.10463834502517769,1.4176028378909555,12.56,18.140619235863866
83,46.6862565112438,41.384527445874745,710347.56,0.10334280965081652,1.4164365493215312,13.1,18.139444178893584
84,46.70124507686443,41.36783998344488,710862.34,0.10194590869303238,1.417377927577416,12.88,18.15023511093849
85,46.66865074323466,41.37927135609194,710169.72,0.1007322336388275,1.4167453110327164,12.88,18.14525417978663
86,46.685379875492316,41.35793147944663,710790.9,0.09941917651682848,1.4179829425264172,12.76,18.15456765066787
87,46.69749078897218,41.3411945816734,711263.1,0.09815982249302538,1.4189356760954532,12.64,18.163503185121463
88,46.67054059204675,41.432355092047494,709288.76,0.09706478358873896,1.4136478344936139,13.32,18.128144394640355
89,46.67950069876761,41.39948297951607,709988.08,0.09587615697074811,1.4155886870340764,13.22,18.148496713831552
90,46.66123745394486,41.379643128010756,710050.54,0.09474529248178812,1.4167185592747495,13.74,18.152929940816616
91,46.67266548087917,41.382565396141764,710174.44,0.09356989818384165,1.4165131129288608,13.26,18.15749508797486
92,46.671887307838894,41.35184626300466,710689.96,0.09256155717286683,1.4183558319214304,13.24,18.17265487329019
93,46.65183267691526,41.44170245723408,708844.42,0.09151927995990633,1.4130977132720215,13.52,18.132231698264683
94,46.653954389531194,41.42941819368246,709086.96,0.09045760057310705,1.4138171215338255,13.72,18.14682044392331
95,46.670851861262854,41.38377895134309,710125.88,0.0893973845767472,1.4164468158096302,14.12,18.161755480420446
96,46.65999237708043,41.41891812269761,709358.46,0.08842848102439264,1.414430515580569,13.6,18.155447062691724
97,46.66078007877016,41.39905132223772,709710.66,0.08743675015663302,1.4155369027069153,13.52,18.161368490983516
98,46.66783763181299,41.41589270123519,709529.5,0.08650939290891699,1.4145836523617605,14.38,18.155895327449542
99,46.63863232117901,41.38822720415809,709559.4,0.08558829369643879,1.4161928422723742,13.78,18.166383015859626
100,46.67463155888705,41.40096357724837,709888.78,0.08468719431835595,1.4154623313213472,13.98,18.163382401576015
