NUM_STATION,THROUGHPUT,SUCCESS_RATE,COLLISION_RATE,NUM_TRANSMIT,ALPHA,NUM_FAIL,DELAY,CONTENTION_STATION_NUM,AVG_OCW,RU_COLLISION_RATE,RU_SUCCESS_RATE,RU_IDLE_RATE
1,12.05283964902131,100.0,0.0,100000.0,1.0,0.0,82.968,1.0,8.0,0.0,12.500000000000012,87.49999999999989
5,30.0135956031241,67.86817384346588,32.13182615653412,366912.2,1.0,0.47344795190085387,82.968,4.2,13.674729470858964,0.9051337896825433,12.500000000000012,87.49999999999989
10,35.31098736862405,51.51978632472462,48.48021367527538,568651.6,1.0,0.9410015641407714,82.968,6.4,19.97404201485984,1.2110945412920457,12.500000000000012,87.49999999999989
15,36.51152251470447,41.97348999296937,58.02651000703063,721714.4,1.0,1.382455690096992,82.968,9.4,25.077230292199875,1.2700056889619784,12.500000000000012,87.49999999999989
20,36.36037990550573,35.32543968375735,64.67456031624265,853987.4,1.0,1.8307996858134281,82.968,12.2,29.30742637200577,1.2647257107801546,12.500000000000012,87.49999999999989
25,35.4655047729245,30.248318360303365,69.75168163969664,972781.8,1.0,2.305927538794184,82.968,14.8,32.97024333339679,1.2358407285833488,12.500000000000012,87.49999999999989
30,34.253977437084174,26.23561464343623,73.76438535656376,1083254.2,1.0,2.811523040880224,82.968,16.8,36.15704630938366,1.1995128624116391,12.500000000000012,87.49999999999989
35,32.75848519911291,22.880569469927273,77.11943053007272,1187866.6,1.0,3.3705476076383816,82.968,19.2,39.01055601187466,1.1620878554971914,12.500000000000012,87.49999999999989
40,31.22423102883039,20.097029766962798,79.9029702330372,1289052.2,1.0,3.9759060580441963,82.968,22.4,41.529924518545464,1.1243450499014096,12.500000000000012,87.49999999999989
45,29.675850930479225,17.739269209642426,82.26073079035757,1387963.0,1.0,4.637102850031343,82.968,24.4,43.7629815418426,1.0883868243260988,12.500000000000012,87.49999999999989
50,28.056190338443734,15.680632456044881,84.31936754395512,1484484.6,1.0,5.377369358080535,82.968,28.0,45.80444400736489,1.053790327254805,12.500000000000012,87.49999999999989
55,26.445762221579407,13.892514210421007,86.10748578957899,1579377.4,1.0,6.198133361593574,82.968,30.6,47.63354762962797,1.0206521171344136,12.500000000000012,87.49999999999989
60,24.854811493587892,12.32584164896378,87.67415835103623,1673032.6,1.0,7.1126798392844535,82.968,34.4,49.28777995884785,0.9890991841546894,12.500000000000012,87.49999999999989
65,23.309058914280207,10.945059089327822,89.05494091067217,1766921.4,1.0,8.13697682391555,82.968,33.0,50.77976646979995,0.9596117300341442,12.500000000000012,87.49999999999989
70,21.80763667920162,9.726840849137357,90.27315915086264,1860146.6,1.0,9.28144454581457,82.968,36.4,52.1322046357101,0.9312310463987234,12.500000000000012,87.49999999999989
75,20.336009063735418,8.636551294384045,91.36344870561595,1953601.6,1.0,10.579621651250594,82.968,39.4,53.36886824296037,0.9045250699608559,12.500000000000012,87.49999999999989
80,18.948365634943592,7.678726522662975,92.32127347733703,2047355.0,1.0,12.022880273470856,82.968,40.6,54.468928042167875,0.8786636930956175,12.500000000000012,87.49999999999989
85,17.59295149937325,6.818578459184994,93.18142154081501,2140698.2,1.0,13.664558853355945,82.968,45.8,55.473291204244504,0.8540547366374257,12.500000000000012,87.49999999999989
90,16.30074245492238,6.05301468212353,93.94698531787647,2234324.6,1.0,15.520207655870687,82.968,48.0,56.383927799855215,0.8303806200921857,12.500000000000012,87.49999999999989
95,15.06662809757979,5.367325068160711,94.63267493183929,2328995.4,1.0,17.630024283103815,82.968,49.4,57.20958051660551,0.8077910025918029,12.500000000000012,87.49999999999989
100,13.908205573233053,4.7596628639632685,95.24033713603673,2424407.2,1.0,20.011531377426568,82.968,52.4,57.948613876177504,0.786055768578417,12.500000000000012,87.49999999999989
105,12.81195159579597,4.217761178400535,95.78223882159946,2520252.2,1.0,22.71240443724046,82.968,55.6,58.61296175474288,0.7650726704997226,12.500000000000012,87.49999999999989
110,11.776998360813808,3.733833638919841,96.26616636108015,2616918.0,1.0,25.784684709050957,82.968,55.8,59.210763635699415,0.7449381613895805,12.500000000000012,87.49999999999989
115,10.773985150901552,3.293583671943794,96.7064163280562,2714051.0,1.0,29.36121671985228,82.968,59.6,59.76101726984664,0.7256351852263887,12.500000000000012,87.49999999999989
120,9.870600713528109,2.9109432198165726,97.08905678018343,2813327.8,1.0,33.34748634783845,82.968,63.0,60.2408331013908,0.7068810131447988,12.500000000000012,87.49999999999989
125,9.018730112814579,2.570095273999185,97.42990472600081,2911432.6,1.0,37.90159052777925,82.968,66.0,60.67158697356696,0.6886366108380063,12.500000000000012,87.49999999999989
130,8.237730209237295,2.2695438173758498,97.73045618262415,3011477.0,1.0,43.06443326670232,82.968,67.4,61.05384332178795,0.6711803820577966,12.500000000000012,87.49999999999989
135,7.481245781506122,1.9947807540270006,98.005219245973,3111640.6,1.0,49.13845325501701,82.968,71.2,61.40365913022456,0.6544347226242108,12.500000000000012,87.49999999999989
140,6.794547295342783,1.7546101103635205,98.24538988963648,3212848.2,1.0,55.98506763260612,82.968,73.6,61.712104751109266,0.6381902286006943,12.500000000000012,87.49999999999989
145,6.163677562433709,1.5430901190049162,98.45690988099508,3314051.0,1.0,63.81322033476005,82.968,73.8,61.98427415452202,0.6223834141357146,12.500000000000012,87.49999999999989
150,5.569110982547488,1.3522402972078562,98.64775970279214,3416982.6,1.0,72.95631211376896,82.968,78.2,62.23022725611871,0.6072976196367662,12.500000000000012,87.49999999999989
155,5.045728473628387,1.189136356598236,98.81086364340176,3520487.6,1.0,83.1202909219455,82.968,79.4,62.44128360166418,0.5924892252212413,12.500000000000012,87.49999999999989
160,4.555467168064796,1.0430509437972537,98.95694905620275,3623576.4,1.0,94.8541639138524,82.968,82.8,62.63069077161195,0.5783484734984434,12.500000000000012,87.49999999999989
165,4.0907578825571305,0.9101614975611586,99.08983850243884,3729029.8,1.0,108.86244149488584,82.968,85.8,62.803440125114676,0.5647399352671211,12.500000000000012,87.49999999999989
170,3.695063156879761,0.7996399827845275,99.20036001721547,3833876.2,1.0,124.08646254689718,82.968,90.2,62.94762836080024,0.5514260077348055,12.500000000000012,87.49999999999989
175,3.321810818628869,0.6997354141582675,99.30026458584173,3938687.8,1.0,141.9635424451905,82.968,91.0,63.07790251364795,0.5386282709983294,12.500000000000012,87.49999999999989
180,2.9869588274997594,0.612642233088908,99.3873577669111,4045130.4,1.0,162.15807609647555,82.968,94.4,63.19174157694397,0.5263156443871722,12.500000000000012,87.49999999999989
185,2.6756098736862404,0.5346678231732119,99.46533217682679,4151923.8,1.0,186.14503995275493,82.968,95.0,63.293862599483035,0.5144148368441275,12.500000000000012,87.49999999999989
190,2.4078921994021796,0.46903481623006177,99.53096518376994,4259343.0,1.0,212.04527650307946,82.968,101.0,63.3796702704542,0.5029056478631907,12.500000000000012,87.49999999999989
195,2.133882942821329,0.40549780168682004,99.59450219831318,4366088.0,1.0,245.58844648908558,82.968,102.2,63.46303623779447,0.4919184647028002,12.500000000000012,87.49999999999989
200,1.909941182142513,0.3542225675884154,99.64577743241159,4473576.0,1.0,281.1954934855699,82.968,105.6,63.530239837001695,0.48116889407929325,12.500000000000012,87.49999999999989
205,1.7072847362838686,0.30916090631445736,99.69083909368554,4581757.8,1.0,322.5895850380508,82.968,109.4,63.589347744424494,0.47083912741751144,12.500000000000012,87.49999999999989
210,1.5245154758461095,0.26970489497855993,99.73029510502144,4689797.4,1.0,369.9711385646133,82.968,110.2,63.64129137883735,0.4608406419225547,12.500000000000012,87.49999999999989
215,1.3562337286664738,0.23449695437529167,99.76550304562471,4798527.0,1.0,426.0461184345921,82.968,110.6,63.687618413622225,0.4512403142382627,12.500000000000012,87.49999999999989
220,1.2032349821617974,0.20340356383895264,99.79659643616105,4907970.4,1.0,491.921465930183,82.968,117.0,63.728457946985074,0.4419687588273735,12.500000000000012,87.49999999999989
225,1.077282807829525,0.1781755693061716,99.82182443069382,5016401.0,1.0,560.5196254227733,82.968,115.4,63.761715737042095,0.43295603509172775,12.500000000000012,87.49999999999989
230,0.9542956320509113,0.15446463182401082,99.84553536817599,5125833.4,1.0,648.1920880617869,82.968,118.8,63.792965312622414,0.42431826020486696,12.500000000000012,87.49999999999989
235,0.8480619033844373,0.1343996430275798,99.86560035697242,5235281.8,1.0,744.2647890490767,82.968,123.0,63.81938399099185,0.41593305182705526,12.500000000000012,87.49999999999989
240,0.754507762028734,0.11709563589076619,99.88290436410924,5346048.6,1.0,854.8962091644553,82.968,125.2,63.842150385474305,0.4078435213858632,12.500000000000012,87.49999999999989
245,0.6740430045318677,0.10251711819525058,99.89748288180475,5455091.8,1.0,977.6430985951396,82.968,128.4,63.861374767546216,0.40002032335882537,12.500000000000012,87.49999999999989
250,0.5885401600617105,0.08776790005262831,99.91223209994737,5563534.4,1.0,1137.9419057227242,82.968,130.4,63.88079850321333,0.3925159535239346,12.500000000000012,87.49999999999989
255,0.5326149840902515,0.07787390820623943,99.92212609179376,5674555.8,1.0,1281.5847508605298,82.968,131.4,63.89385546789981,0.3851794788083467,12.500000000000012,87.49999999999989
260,0.4701812747083213,0.06743403744056657,99.93256596255944,5784925.8,1.0,1492.2419586932035,82.968,136.2,63.90763592025238,0.37813289215817125,12.500000000000012,87.49999999999989
265,0.4158229678912352,0.058518336026590644,99.9414816639734,5895588.2,1.0,1717.5219412415904,82.968,137.6,63.91937815084337,0.3713243603623887,12.500000000000012,87.49999999999989
270,0.3694436409218012,0.051032985294855095,99.94896701470515,6006308.0,1.0,1968.4782455185068,82.968,140.6,63.929238913889414,0.3647230626092669,12.500000000000012,87.49999999999989
275,0.3266078488091794,0.044308655576989577,99.95569134442302,6115737.4,1.0,2232.88819930705,82.968,143.6,63.93811367211472,0.35835464300916586,12.500000000000012,87.49999999999989
280,0.28840034712178186,0.03843067339028039,99.96156932660972,6226285.4,1.0,2618.817855795867,82.968,143.6,63.94588096606073,0.35217437952456604,12.500000000000012,87.49999999999989
285,0.2515186577957767,0.03292027891834006,99.96707972108166,6338920.4,1.0,3008.5651367453784,82.968,150.6,63.9531440782706,0.34621370949270114,12.500000000000012,87.49999999999989
290,0.22189277793848233,0.028547543456246133,99.97145245654376,6448894.6,1.0,3511.765336368612,82.968,149.8,63.95890866085151,0.3404222277005958,12.500000000000012,87.49999999999989
295,0.19918522803972616,0.02520013241297152,99.97479986758702,6557899.4,1.0,3857.034559359661,82.968,156.8,63.963323543324194,0.3347984998894121,12.500000000000012,87.49999999999989
300,0.1761401986307974,0.02191100836137732,99.97808899163863,6669721.4,1.0,4417.813732338032,82.968,154.0,63.967667269218964,0.3293681885880652,12.500000000000012,87.49999999999989
