NUM_STATION,THROUGHPUT,SUCCESS_RATE,COLLISION_RATE,NUM_TRANSMIT,ALPHA,NUM_FAIL,DELAY,CONTENTION_STATION_NUM,AVG_OCW,RU_COLLISION_RATE
1,10.873347251217815,100.0,0.0,100000.0,1.0,0.0,0.0,1.0,8.0,0.0
2,19.392027661795403,98.40103859930392,1.5989614006960835,181242.6,1.0,0.07271295141461263,4.724015027504554,1.6,8.697089741287591,1.1617983043751159
3,26.14794276270007,96.99251530351107,3.0074846964889304,247934.0,1.0,0.14081346695868172,9.148369321371634,2.6,9.446318876617635,1.085511996309246
4,31.57215553235908,95.74403682999295,4.25596317000705,303269.8,1.0,0.20533602025477715,13.340270563912362,3.2,10.221334900823932,0.005509098073238948
5,36.00730688935282,94.63563309737725,5.3643669026227485,349923.2,1.0,0.26633840088291344,17.30347322856112,3.6,10.99344278577135,1.0665704659054787
6,39.67640918580376,93.60882975710602,6.391170242893978,389809.4,1.0,0.3248481638659796,21.104735510044964,3.8,11.762749152723377,1.2291453767155651
7,42.80649791231733,92.69866830335452,7.301331696645477,424690.6,1.0,0.38002038651815573,24.689164471311543,4.4,12.510842965376344,1.9449963979374563
8,45.48181976339597,91.84689286933862,8.153107130661382,455417.8,1.0,0.43297590944115605,28.12957888457303,4.2,13.251185783842184,1.6610509379668774
9,47.76015570633264,91.07611787949166,8.923882120508338,482278.4,1.0,0.4848582993542337,31.500273992445855,5.4,13.959589667069386,1.9487497710245674
10,49.77831419624217,90.28847166766596,9.71152833233404,507042.8,1.0,0.5341756240394244,34.704321942593324,5.4,14.648394415997824,3.0383283655849587
11,51.57178583855254,89.6008446405256,10.399155359474406,529342.4,1.0,0.5824408921383155,37.840019880442085,6.2,15.318295254203525,5.100877337014206
12,53.100121781489214,88.84550046433444,11.154499535665565,549663.6,1.0,0.6309267730080304,40.99005058878572,6.0,15.965204055285938,5.709488514014384
13,54.50789405010438,88.23850971485776,11.761490285142244,568117.4,1.0,0.6771774053803373,43.99486167274976,6.6,16.600706514523296,3.9432871009485475
14,55.76296102992345,87.65516244744455,12.344837552555447,585066.4,1.0,0.722738189030655,46.954854664943596,6.4,17.21561070118649,3.6700029559673553
15,56.895463639526795,87.05283049496288,12.947169505037124,601078.8,1.0,0.7671011456322778,49.83702722943783,6.0,17.803920228670663,4.764325884354603
16,57.92042884481559,86.49160190007393,13.508398099926069,615877.8,1.0,0.8112220736426382,52.703475680414925,6.8,18.383144163044808,6.439276121785303
17,58.85497129436326,85.95660431094838,14.043395689051621,629710.4,1.0,0.8547091874548078,55.52874649056396,7.0,18.9538296030885,4.92106229060867
18,59.653618649965196,85.35697224799287,14.643027752007129,642739.0,1.0,0.8982450570754166,58.35718486807567,7.0,19.49899853416954,5.6709633400888775
19,60.46070372303409,84.93427350557128,15.065726494428716,654677.0,1.0,0.9396731312714653,61.048683992444566,7.2,20.034387319902716,4.611506881554734
20,61.15703288100209,84.41728187682656,15.582718123173436,666272.8,1.0,0.9820340905465551,63.8007907946286,6.8,20.552610134412273,4.722017112600702
21,61.81339161447461,83.91282581942842,16.08717418057158,677471.4,1.0,1.0231017060685845,66.4688716398638,8.4,21.053190860615313,6.388425488184136
22,62.4177757480863,83.48155465597654,16.518445344023462,687629.6,1.0,1.064314835942928,69.14640626154015,7.4,21.548181968228484,6.95263533807398
23,62.95372303409882,83.01495869337732,16.985041306622676,697432.0,1.0,1.1048067873632714,71.77708736141702,8.0,22.032857171447198,7.97560729350049
24,63.482472164231034,82.52589737364528,17.47410262635472,707457.4,1.0,1.1454781137484809,74.41942209401131,8.2,22.495913851494773,9.174184529634905
25,63.909729471120386,82.13431713057986,17.86568286942014,715614.4,1.0,1.1860708255587067,77.05664939489806,7.6,22.967138598943748,10.177851944924726
26,64.31284794711203,81.64767208669748,18.352327913302517,724420.4,1.0,1.227285680927884,79.73429611852278,7.4,23.426709537521162,8.399096901680963
27,64.70000434933891,81.23545188422572,18.764548115774275,732479.6,1.0,1.2671618358087735,82.3249701488244,7.6,23.864784217548287,8.022182311169349
28,65.08470337508699,80.86235044441112,19.13764955558888,740234.4,1.0,1.3062842956196916,84.86667811782013,8.0,24.288740507960842,7.283123202543822
29,65.4661186499652,80.51367471816037,19.486325281839626,747797.0,1.0,1.344933906365578,87.37766602875888,8.2,24.70362286161153,5.033864916871315
30,65.75197894919972,80.09646518376779,19.90353481623221,754974.4,1.0,1.3854360781456858,90.00901112496892,7.8,25.117763239247903,6.662263309409906
31,66.04064457202506,79.70050369532314,20.299496304676865,762056.2,1.0,1.4248048846306696,92.56672374468535,9.6,25.529878156104655,9.28140596565822
32,66.2893180236604,79.3141209181409,20.6858790818591,768652.2,1.0,1.4637282121599813,95.09549448760967,9.0,25.92092391703837,8.34143230894573
33,66.50376217814892,78.90961082919287,21.09038917080713,775091.8,1.0,1.503536143593394,97.68173617697563,7.4,26.322555317119104,13.9853908632471
34,66.77746607515658,78.58852364732338,21.411476352676615,781461.4,1.0,1.5420437177136577,100.18349625242092,8.6,26.688756188215194,6.82703582107105
35,66.9839074460682,78.24428549337293,21.755714506627072,787325.8,1.0,1.5809275081050005,102.70969834656567,9.0,27.06627357605718,10.527882093590266
36,67.133959638135,77.85416219608734,22.145837803912656,793044.0,1.0,1.6199200722173512,105.24296725181688,9.2,27.43902655927269,12.553366192241683
37,67.34020528879611,77.55953639811838,22.440463601881618,798502.0,1.0,1.6583098931336626,107.7370771371078,9.2,27.796985366357223,9.693572550344285
38,67.48058020180933,77.17311750834321,22.82688249165679,804173.0,1.0,1.6987831828898432,110.36654582598734,9.8,28.15388152533169,8.820652761818586
39,67.64663796102992,76.83728925190815,23.162710748091854,809675.4,1.0,1.736476154605846,112.81538281243262,9.0,28.499188019689406,15.569742519822046
40,67.75972077244259,76.52998123706323,23.470018762936775,814285.8,1.0,1.7752629515238094,115.33528343459885,10.2,28.846068712309716,11.430159194644029
41,67.89785577592205,76.15117208167497,23.84882791832503,820004.6,1.0,1.814010685789221,117.85264623435413,8.4,29.180642216889954,10.36008803885569
42,67.98318980514962,75.82922380063897,24.17077619936103,824521.0,1.0,1.8540349718981672,120.45294405428014,8.8,29.504548573487206,16.118409054282665
43,68.0910099164927,75.53610206789047,24.463897932109532,829033.6,1.0,1.8925430113294008,122.95473436004852,9.4,29.838304829533946,11.04602303221748
44,68.19245824634655,75.20675360741271,24.793246392587292,833904.6,1.0,1.930790046243964,125.43956772437787,8.4,30.15155320695199,14.125195195210395
45,68.22018528183716,74.83548850950413,25.16451149049587,838382.2,1.0,1.9709396596231539,128.04800780639707,8.4,30.47794190715539,15.3321382475409
46,68.3437717466945,74.57439817997782,25.42560182002218,842841.8,1.0,2.0087023644497366,130.5013752135705,9.2,30.77787393135474,15.336546808035365
47,68.41442675713293,74.30472690763725,25.695273092362754,846775.2,1.0,2.046780264850121,132.97522024678267,8.6,31.071588574046423,15.970278976759676
48,68.44413274182325,73.96084107162817,26.039158928371833,851081.6,1.0,2.0857410061834525,135.50642168972655,9.6,31.38015008232899,12.553540033497828
49,68.5071329157968,73.64657377568909,26.35342622431091,855500.0,1.0,2.1257519627106922,138.10585351338827,9.6,31.666042214272295,12.936759520984406
50,68.5437326026444,73.35979358717593,26.64020641282407,859303.2,1.0,2.1636375037676823,140.5672013447788,9.2,31.956967629527167,11.887456129307347
51,68.60966858037578,73.07238010575665,26.92761989424335,863512.8,1.0,2.20255044060756,143.09529702539194,8.6,32.23825174071571,10.037280246527377
52,68.64246259568546,72.81593599282989,27.184064007170107,866968.2,1.0,2.2401915280233182,145.54076319261895,10.0,32.51641120845145,11.240136917685003
53,68.67453897007655,72.53952665111933,27.46047334888067,870678.6,1.0,2.279938067644125,148.1230163787035,10.2,32.79435125032306,10.197312085937352
54,68.6570546276966,72.1807473489999,27.8192526510001,874783.6,1.0,2.3196464111089976,150.70278803692938,10.0,33.065504413254246,15.601402489724862
55,68.65414057063326,71.87225174304366,28.127748256956338,878501.0,1.0,2.3595826980774404,153.29736872869515,10.4,33.347285594088895,18.57648485550462
56,68.65633698677802,71.62184392158665,28.378156078413355,881600.6,1.0,2.398996175521573,155.85798353128558,10.0,33.61662042650505,16.918912331142963
57,68.651878914405,71.31938986017543,28.680610139824566,885282.0,1.0,2.4380437087697926,158.39482367135588,9.2,33.87303997806925,15.794962381548682
58,68.66386134307587,71.07533343586014,28.924666564139855,888477.0,1.0,2.4764740879540694,160.89156854619998,10.2,34.12295084199744,17.186316856538134
59,68.64465901183021,70.77325050491602,29.22674949508398,892019.6,1.0,2.5169824033676966,163.52331278199253,9.6,34.384096691746066,14.67511405338642
60,68.63230688935282,70.4866993145926,29.5133006854074,895485.0,1.0,2.5555515825672854,166.0290752162314,8.8,34.625261224332746,12.79306830278605
61,68.61232167710507,70.23216949632844,29.76783050367156,898468.8,1.0,2.5956647805879483,168.63514946523784,10.2,34.87916803410594,12.52902222469377
62,68.57256871955462,69.92917051563067,30.070829484369327,901838.6,1.0,2.6358977551087017,171.24900535390213,10.2,35.127924401926826,17.2167018964999
63,68.56911099512874,69.7008178617582,30.299182138241804,904747.6,1.0,2.6746837910757497,173.76885653860933,10.6,35.35245894373965,18.589497592681294
64,68.5562152052888,69.46249478819533,30.53750521180467,907681.0,1.0,2.7136563111728615,176.30082322427847,9.2,35.582720589569064,16.11794936777041
65,68.54188413361169,69.2379499213783,30.762050078621698,910434.4,1.0,2.753582859616072,178.89477122353696,9.6,35.81641087853863,13.18313067437651
66,68.47938413361169,68.92559802609978,31.074401973900223,913726.2,1.0,2.794460114810536,181.55048473901093,10.6,36.05188973791657,15.813185661794023
67,68.44165361864997,68.68126463061719,31.318735369382807,916471.6,1.0,2.834064201261042,184.12348302752739,10.8,36.27469684208589,15.177139341419032
68,68.37884916492693,68.37973821630234,31.620261783697657,919668.4,1.0,2.875072450291241,186.78770695052137,10.4,36.50358577609421,21.416342090419356
69,68.37567414752957,68.180041425166,31.819958574834004,922319.2,1.0,2.913977950546664,189.31531949111567,10.6,36.717521770417946,15.195949005503753
70,68.30628044537231,67.92570253853329,32.07429746146671,924833.0,1.0,2.9544602565652904,191.9453739485338,11.8,36.942019271592294,14.549052256870363
71,68.23784359777315,67.63301204940214,32.36698795059786,927904.6,1.0,2.996558997668423,194.6804449605221,11.0,37.16308082152018,15.603548090895208
72,68.17612647877522,67.35990341545016,32.64009658454984,930824.2,1.0,3.0376336845245007,197.34898521618777,10.2,37.376116133006555,18.4479797168731
73,68.15796798886569,67.1607838222045,32.83921617779551,933335.4,1.0,3.0768367919414183,199.8959326988501,11.4,37.57675687770892,19.702427195060782
74,68.07165535838553,66.87454986730685,33.125450132693146,936143.0,1.0,3.1184358310297426,202.59853907034034,10.2,37.79844346375224,18.96041266962049
75,68.0072199025748,66.6221290734566,33.377870926543395,938801.0,1.0,3.158867161713081,205.22528176217546,12.6,37.9941649514641,25.138080334014518
76,67.92956245650662,66.369732032276,33.630267967723995,941294.6,1.0,3.1998010562772876,207.88467502422284,10.2,38.20207643005368,23.10453610183783
77,67.901791927627,66.17515820841535,33.824841791584646,943676.4,1.0,3.2408112037524233,210.54902228538745,10.0,38.39818835144328,20.279319163695412
78,67.84846903270702,65.93689824235027,34.06310175764973,946342.6,1.0,3.2807070003912058,213.14097240141587,11.4,38.58509397039287,19.85704703350545
79,67.75991649269312,65.68563858063283,34.314361419367174,948722.8,1.0,3.3234888679362244,215.92042477208065,11.2,38.786406530210215,19.79158420525163
80,67.71285664578986,65.45554111486001,34.54445888513999,951396.4,1.0,3.3639469298123847,218.54890413605102,11.8,38.979022061438116,20.4500958568547
81,67.64835594989562,65.22278343327203,34.77721656672797,953882.2,1.0,3.4047270711148117,221.19830835618708,11.4,39.16425557045214,18.322400569359033
82,67.5481906750174,64.94733037871518,35.05266962128482,956509.6,1.0,3.4473173198774547,223.9653116377985,11.4,39.35869107722754,16.27174372185147
83,67.46218249826026,64.70381075471857,35.296189245281425,958887.0,1.0,3.489419516033336,226.7006071176538,10.8,39.545816429554804,18.394146124729644
84,67.43528183716074,64.54864679343505,35.451353206564946,960808.8,1.0,3.5288164687296466,229.2601483404277,11.2,39.72443262042117,24.517447497965527
85,67.34003131524008,64.2850192621733,35.71498073782671,963386.6,1.0,3.571388563427724,232.02597218877239,11.4,39.903145772477906,16.91162362554549
86,67.25493649965206,64.05832643268029,35.94167356731971,965573.6,1.0,3.614019375255797,234.79561077161864,11.8,40.083445924462055,23.749245695987725
87,67.18691283924844,63.84691090265759,36.15308909734241,967791.0,1.0,3.655245296424643,237.47397641811622,12.4,40.2529899194236,19.243106562349332
88,67.13563413361169,63.64259295379302,36.35740704620698,970157.2,1.0,3.6965080390489904,240.15473428093483,11.4,40.42524537645286,20.13503414372279
89,67.01261308281141,63.35065374994203,36.64934625005797,972841.8,1.0,3.742822137675811,243.1636686405221,13.2,40.6134191059851,17.635459723467317
90,66.959964335421,63.16860424276376,36.83139575723624,974879.2,1.0,3.782295137052008,245.72815046399487,10.4,40.7728494733437,22.220612736643126
91,66.83689979123173,62.9022223125952,37.0977776874048,977208.2,1.0,3.8267032617726264,248.613257510844,12.0,40.95391153085181,19.634119015088157
92,66.76407011134307,62.70504948946748,37.29495051053252,979213.0,1.0,3.8685537728481534,251.33220151439883,13.4,41.11666078195526,23.919692179292138
93,66.67516962421713,62.47239531504906,37.52760468495094,981550.8,1.0,3.9113934644347053,254.11541059739395,11.4,41.278018294053744,19.67149324993348
94,66.63135003479472,62.31074991919652,37.68925008080348,983450.4,1.0,3.9522876652199357,256.7722250340088,10.8,41.42998177466109,23.67754511461687
95,66.49523747390397,62.0444320915989,37.9555679084011,985654.6,1.0,3.9978176398469856,259.730216425579,11.4,41.60451543416759,17.46999020652517
96,66.41579679888657,61.82164041022516,38.17835958977484,988024.4,1.0,4.041054485952481,262.5392278433608,11.6,41.76855493779293,19.062040409018298
97,66.34303235908142,61.6255700951657,38.3744299048343,990082.2,1.0,4.083825092088718,265.31794858281984,11.8,41.92307087790685,22.281516309818794
98,66.25930758524706,61.41565714646147,38.58434285353853,992212.8,1.0,4.126955028768986,268.1200143090635,12.0,42.0783528318732,16.773394718529346
99,66.142875782881,61.17038139430404,38.82961860569596,994440.4,1.0,4.17151314766567,271.01486617754324,12.8,42.237521839057614,19.404582896058262
100,66.0473208072373,60.95152453703131,39.04847546296869,996569.2,1.0,4.2160199104490825,273.906381542056,11.0,42.389791659996874,21.481695760195883
