NUM_STATION,THROUGHPUT,SUCCESS_RATE,NUM_TX,ALPHA,FAIL_COUNT,TX_TRY,AVG_OCW
1,15.881082454580108,100.0,100000.0,7.999999999999999,0.0,1.0,10.000000000000002
2,27.793908016770423,87.50634,200000.0,3.808155970982672,0.1427740541086103,2.0,10.000000000000002
3,36.481704993012315,76.572743269556,299999.7,2.4914939070595934,0.30594879376212747,2.96,10.000000000000002
4,42.56999745902681,67.01475891782958,399993.62,1.835759124635384,0.4922100738082857,3.98,10.000000000000002
5,46.49707788082835,58.702769759376366,498754.64,1.4495820292541635,0.703498592967017,4.88,10.000000000000004
6,47.5350019057299,54.47796802477671,549430.14,1.1906574851110439,0.8356023211782931,5.46,10.0
7,47.59385719730657,52.359720820068794,572365.56,1.03219212375469,0.9098695054200392,5.76,10.0
8,47.959579468936596,49.892462053778026,605285.52,0.9044116472200868,1.0043115560133533,5.92,10.0
9,48.22970080040655,47.61075072453001,637866.08,0.8083679653327606,1.1003699974807781,6.62,10.0
10,48.50145470715283,45.09399409251513,677260.7,0.7256511276544607,1.217587223891127,7.06,10.0
11,48.662082327531444,42.720250190371345,717260.34,0.6562551089040841,1.3408182020248722,7.38,10.0
12,48.566745013340125,41.91847869864381,729547.08,0.6052907944627711,1.385588263676883,7.58,10.0
13,48.473986786939385,41.10887711278444,742494.12,0.5591429947723798,1.4325653668487528,7.88,10.0
14,48.41984500063525,39.99096662711674,762397.48,0.5207564135223526,1.5005663525907007,8.18,10.0
15,48.33395057807141,39.071876445776994,778946.96,0.4881074478735804,1.559384154730326,8.42,10.0
16,48.23730148646932,38.47521436683771,789445.12,0.45833044557555724,1.5990777250025503,8.76,10.0
17,48.1494409858976,37.06452703013796,817998.82,0.42890663572774324,1.6980020163655813,9.12,10.0
18,48.05884258671071,36.617116593518354,826435.64,0.41054489323381554,1.7309772011419928,9.46,10.000000000000002
19,47.93156206327023,35.926946679352156,840080.94,0.3880248536716798,1.7834343471118879,9.58,10.0
20,47.85515499936478,35.51040923611894,848580.2,0.36890798793544227,1.816079439408606,9.76,10.0
21,47.81873014864692,36.073679793893945,834694.44,0.3541414084677586,1.7720998207074898,9.74,10.0
22,47.68510989709058,34.840490599974174,861823.84,0.3372435271553955,1.8702370286179555,9.84,10.0
23,47.58072036590014,34.105205345970106,878476.82,0.3222142946869092,1.9321234534662244,9.84,10.0
24,47.47787765214077,33.725719104839534,886441.4,0.3090211634082463,1.9650930642030904,10.46,10.0
25,47.42770931266676,33.697868076771634,886236.58,0.298294632240413,1.9675535637686137,10.46,10.0
26,47.308166052598146,33.124204807172845,899312.4,0.2871054214247905,2.018930689783123,10.98,10.0
27,47.220651759623955,32.78301225008289,906991.22,0.27680138876037275,2.0503686228275555,11.02,10.0
28,47.102601321306054,32.301868075803036,918199.8,0.2670712271566845,2.095796245233232,11.28,10.0
29,46.941646550628896,31.604267685826564,935260.52,0.25737496021999595,2.1641409158715885,11.24,10.0
30,46.86431520772455,31.380219384747544,940386.0,0.24927892639479887,2.186734502261983,11.92,10.0
31,47.008445559649346,32.15480142632423,920555.68,0.24256674436452563,2.1099810195744038,12.06,10.0
32,47.08355672722652,32.709682570938696,906385.42,0.23531587447889804,2.0571854167317007,12.34,10.0
33,46.899923770804214,31.830945074337805,927774.7,0.22873183467898606,2.141612439346251,12.46,10.0
34,46.754859611231105,31.22354712646885,942897.46,0.2212708342503017,2.2026992604651205,12.28,9.999999999999998
35,46.68028522424089,31.001518769042242,948135.6,0.21541533732124546,2.225627338952553,12.5,10.0
36,46.61100241392452,30.7986086076446,952965.62,0.2092983956043724,2.2469157367927584,12.9,10.0
37,46.52950387498412,30.539137251750223,959382.12,0.20416326017647332,2.274485719129651,12.8,10.0
38,46.54161796468046,30.601205697629517,957685.46,0.19911989871513458,2.2678580253871727,12.92,10.0
39,46.41537924024901,30.244280506147362,966359.16,0.19375375484058815,2.3063866916643763,13.16,10.0
40,46.325263625968745,29.94013740868048,974280.6,0.18928358366475845,2.340002553948458,13.24,10.0
41,46.25197560665735,29.735714544861988,979426.54,0.18447339459977838,2.3629880341989504,13.88,10.0
42,46.31862533350273,29.996086133582182,972323.96,0.180673389485289,2.3337466055404175,14.06,10.0
43,46.25561555075594,29.826910823317267,976508.78,0.1770304982947873,2.3527134197800343,14.06,10.0
44,46.181244441621146,29.588211557164474,982803.94,0.17287514353627573,2.379725282545321,14.3,10.0
45,46.132114724939655,29.436978398659097,986802.26,0.16911537422307987,2.397102546281973,14.62,10.0
46,46.0557330707661,29.176371336463898,993967.94,0.16535881283128048,2.4274424587622567,14.58,10.0
47,45.997408207343426,29.0814126105309,995950.64,0.16184958194565252,2.438623171814016,14.74,10.0
48,45.9771312412654,29.040263195792093,996922.3,0.15899434760248976,2.443501195409023,14.8,9.999999999999998
49,45.89919324101131,28.839966273182544,1002144.24,0.1557662297089969,2.4674515691025616,14.56,10.0
50,45.89214839283445,28.806027314790704,1003171.02,0.15254569250244523,2.4714981677851293,14.94,10.0
51,45.875622538432225,28.7727073179024,1003971.14,0.149676975304318,2.4755248660533486,15.14,10.0
52,45.7590204548342,28.451799890677012,1012714.46,0.14692762606807752,2.514747651961725,15.68,10.0
53,45.7110468809554,28.32477097524009,1016189.6,0.14436506426201612,2.5304727257384605,16.16,10.0
54,45.65856307965951,28.175341230730385,1020406.06,0.14133075428120706,2.549173821499398,16.0,10.0
55,45.630618726972436,28.10900020878337,1022188.42,0.13907787196824148,2.557566758484097,15.98,10.0
56,45.58955342396138,28.03871143034125,1023828.66,0.1367286146797948,2.566500226327966,16.28,10.0
57,45.54353004700802,27.914868388773257,1027332.48,0.13454602344102573,2.5823431665475027,16.52,10.0
58,45.399126540465,27.554720620295072,1037460.12,0.13207803282922417,2.6291158136387542,16.58,10.0
59,45.26192669292339,27.21175756515079,1047361.02,0.12986412959008312,2.6748942888335767,16.44,10.0
60,45.16820607292593,27.001123704232608,1053345.9,0.12767639825250557,2.703558796396515,17.0,10.0
61,45.166948291195524,27.002146416216227,1053276.52,0.12557126642545283,2.7034396891690076,16.74,10.0
62,45.307537161732945,27.373537478066986,1042220.12,0.12363948259693457,2.6531799526336646,17.58,10.0
63,45.670483420149914,28.42395840078624,1011744.84,0.12217046244224626,2.518155844565415,17.32,10.0
64,46.047744886291454,29.536664645312367,981673.18,0.12064193071421896,2.385617344925013,17.3,10.0
65,45.872176343539586,29.02067591888982,995317.8,0.11869361370492217,2.4458240538496256,17.64,10.0
66,45.72332931012577,28.560694080673485,1008066.38,0.11683674003501487,2.5012882526091085,17.94,9.999999999999998
67,45.57041036717062,28.146736160282508,1019470.84,0.11507260904637588,2.552819124123325,17.48,10.0
68,45.46306695464363,27.832504123000604,1028552.52,0.11342423805045941,2.592904408735703,18.06,10.0
69,45.39645534239613,27.66113399322077,1033408.18,0.11184449319330286,2.615214763108347,17.94,10.0
70,45.38727290052089,27.65281276015617,1033510.1,0.11022675585483187,2.6162748879350644,18.92,10.0
71,45.39877398043452,27.66365271844602,1033366.66,0.10875304765835195,2.6148687630388263,19.14,10.0
72,45.350451022741716,27.58178458421603,1035331.26,0.10728943880122566,2.6255657691228804,19.1,10.0
73,45.290966840299824,27.44868028288389,1038987.04,0.10580390954667479,2.64315346330663,19.12,10.0
74,45.251921610977014,27.329444636178252,1042620.36,0.10428359679671129,2.6590028017813516,19.42,10.0
75,45.227013721255254,27.227364277850192,1045953.3,0.10310547983470142,2.6728068450095255,19.02,10.0
76,45.195397662304664,27.20702564394003,1046003.32,0.1017830022559657,2.6755496596578827,19.46,10.0
77,45.22094079532459,27.233464510515727,1045578.64,0.10049630987364132,2.6719559972259845,19.72,10.0
78,45.158061237453964,27.137048142404982,1047834.32,0.09909577643197863,2.684986922238685,19.32,10.0
79,45.142977385338575,27.08172147004083,1049624.34,0.09804749489821835,2.6925858245025434,19.96,10.0
80,45.14405094651252,27.068671665697448,1050155.24,0.09674976971552708,2.6942904153086884,20.2,10.0
81,45.080370982086144,26.920999763452336,1054426.6,0.0956262331909504,2.7146203929030834,20.14,10.0
82,45.03850844873587,26.86767495182609,1055538.18,0.09446349950994781,2.721975659336684,20.24,10.0
83,45.02707406936857,26.830422770211772,1056735.16,0.09327709712662806,2.727088668244482,20.48,10.0
84,45.034722398678696,26.824549650479835,1057146.18,0.09223465110838237,2.7279415750709304,20.84,10.0
85,45.078363613263875,26.9550931272223,1053045.9,0.09130061256940024,2.7098960516320147,21.34,10.0
86,45.005958582136955,26.783523513744367,1058089.22,0.09019047782247418,2.7336414932831157,21.18,10.0
87,44.955529792910674,26.648089137066496,1062275.36,0.08915616735738484,2.752621930645986,21.34,10.0
88,44.91105640960488,26.60074706175617,1063113.0,0.08821744225633635,2.7593257180275526,21.14,10.0
89,44.92864629653158,26.626987502911632,1062481.18,0.08724383987050807,2.7556243757385004,21.44,10.0
90,44.910662558760016,26.57582425980732,1064100.74,0.08630248162248025,2.762843838800084,21.18,10.0
91,44.891367043577695,26.535189477815276,1065272.32,0.08531426384486407,2.7685858420838976,21.54,10.0
92,44.85137847795707,26.45917104498246,1067381.02,0.08440413860673526,2.779385158067493,21.76,10.0
93,44.82297039766231,26.353271682241015,1070991.88,0.08356944932623275,2.794632358418906,21.84,10.0
94,44.80407508575785,26.323790192583758,1071739.3,0.08266001670926784,2.798840140840477,21.72,10.0
95,44.8730402744251,26.49556676274269,1066429.62,0.08184956050063212,2.7742499919481185,22.56,10.0
96,44.975705120060994,26.757185163627852,1058418.94,0.08107126783361819,2.737323931342293,22.66,10.0
97,44.89813556091983,26.530703635326812,1065613.02,0.08017393492242027,2.769200594174437,22.74,10.0
98,44.81480116884768,26.360028680333954,1070521.86,0.07938221224002087,2.793623123884199,22.72,10.0
99,44.77190318892135,26.30377898215937,1071784.26,0.07861461500650097,2.80178336315726,22.8,10.0
100,44.77513340109263,26.291567132366605,1072359.68,0.07778802666425072,2.803516881678647,22.66,10.0
