NUM_STATION,THROUGHPUT,SUCCESS_RATE,COLLISION_RATE,NUM_TRANSMIT,ALPHA,NUM_FAIL,DELAY,CONTENTION_STATION_NUM,AVG_OCW,RU_COLLISION_RATE
1,12.05283964902131,100.0,0.0,100000.0,1.0,0.0,0.0,1.0,8.0,0.0
2,21.074872239899722,87.430852571752,12.569147428248002,199991.2,1.0,0.14375324372082807,11.926919125029663,2.0,8.00065824943338,1.9526569423100166
3,27.663340082923536,76.57466377309454,23.425336226905458,299730.0,1.0,0.30590258442547846,25.380125624613097,3.0,8.017889380561405,4.508558306329743
4,32.233656349435925,66.97566870561984,33.02433129438016,399304.0,1.0,0.49305550137959236,40.907828838462024,2.8,8.028724257575524,9.464993026259561
5,35.28931636293511,58.58261728126759,41.41738271873241,499787.6,1.0,0.7069377182712714,58.65320860953085,5.0,8.007057177949836,14.639563398381494
6,37.014656253013214,51.31900547058456,48.68099452941544,598424.4,1.0,0.9485688986608107,78.70086438409015,3.4,8.042861196194238,17.391256917537504
7,37.77526275190435,45.44981267685638,54.55018732314362,689841.0,1.0,1.2020760569584041,99.73384629372488,4.6,8.32146811273511,21.091853299873485
8,37.86416449715553,43.00420855126714,56.99579144873286,732628.0,1.0,1.364712757530851,113.22748806681966,5.6,84.10639754483893,26.056679957641922
9,37.870190916980036,41.50960547227007,58.49039452772993,759860.2,1.0,1.478703967234865,122.68511075354228,5.2,165.6536044938742,25.518652710393848
10,37.73105293607174,38.434914415210834,61.565085584789166,816333.8,1.0,1.6773241064406954,139.16422646317162,5.8,181.92308133293415,30.423379916314495
11,37.71868672259184,39.35836467082872,60.64163532917128,800263.6,1.0,1.6478920386744165,136.722306664739,5.0,284.36745499952235,26.1036309689233
12,37.671752964998554,39.10332937603255,60.89667062396745,804137.0,1.0,1.6845564172211482,139.76427682400424,6.8,327.2188455290513,25.788049884988148
13,37.843963937903766,39.37926651977218,60.62073348022782,797688.4,1.0,1.669127037442611,138.48413204253856,7.4,391.7328086897243,26.4347422388682
14,37.61192266898081,37.46329460637224,62.53670539362776,834279.0,1.0,1.8112700248053375,150.27745141804925,5.0,374.22169488002396,27.776317575946443
15,37.603967794812455,37.377916767589646,62.622083232410354,836871.4,1.0,1.8397931632096296,152.64395916517657,7.2,421.85577146552924,28.99924127990777
16,37.611633400829234,37.16587819596899,62.83412180403101,841746.6,1.0,1.8838155260408782,156.2964065645596,7.4,473.2635960878236,30.395042961085487
17,37.45983993828946,36.04213290662366,63.95786709337634,864673.2,1.0,1.9688758502922141,163.35369154704443,9.6,484.2533458077969,27.540086262051354
18,37.557805418956704,36.94668677697778,63.05331322302222,845080.8,1.0,1.9109952608767735,158.55145480442414,8.0,530.3596247250598,28.143240241804573
19,37.690820557323306,37.708356231498506,62.291643768501494,829684.6,1.0,1.8594545706621368,154.27522681869618,8.8,553.8416250320272,25.615402631991664
20,37.608668402275576,37.14397457482301,62.85602542517699,840965.6,1.0,1.9156283534899843,158.93585323235703,9.0,558.7780664288797,28.691005581208593
21,37.54085912641018,36.721318738172315,63.278681261827685,849672.8,1.0,1.9330801099161175,160.38379055952043,10.2,573.351526529618,29.076101788938892
22,37.722905216469,37.96472822165346,62.03527177834654,824402.4,1.0,1.8559407916927806,153.98369560516662,8.4,621.9629498625981,29.172422631418225
23,37.6564458586443,37.26876735478481,62.73123264521519,839030.2,1.0,1.9165242058429341,159.01018031037657,9.8,627.3776609301733,29.10467183254458
24,37.58841963166522,37.37612161440993,62.62387838559007,834434.2,1.0,1.8993913427485283,157.5887009251599,10.2,638.3441288050542,26.39718361148757
25,37.69245974351558,38.63294796107397,61.36705203892603,811813.0,1.0,1.818425192440896,150.87110136643628,11.4,663.703699376719,24.90826326813434
26,37.64446533603317,37.53440196241077,62.46559803758923,832143.0,1.0,1.9052493371142543,158.07472700169546,11.6,673.3624486407463,28.19937527094114
27,37.59463889692412,38.20013985247785,61.79986014752215,818517.2,1.0,1.8575140093980944,154.1142223317411,11.2,683.9383998093965,27.55607201160193
28,37.579910326873005,37.296549044270776,62.703450955729224,836113.6,1.0,1.929545464706472,160.09052811576657,12.6,694.5862312997258,29.36415822143502
29,37.634823064313956,37.37593774538642,62.62406225461358,835434.2,1.0,1.9366254588281382,160.67794106805297,11.8,707.6922038857286,26.116300640863802
30,37.60396779481246,37.304579759873,62.695420240127,836345.4,1.0,1.9378092593862632,160.7761586327595,12.0,713.9564233322901,26.55383904905089
31,37.56937614501977,36.979831741499424,63.020168258500576,842954.8,1.0,1.9666138146957528,163.16601497767724,13.4,720.0608972355624,30.51357148716578
32,37.56501301706682,37.12400111968966,62.87599888031034,839542.8,1.0,1.9434572424826204,161.24476049429805,13.6,745.1404150278761,28.330437933330252
33,37.580922765403535,37.05706639263404,62.94293360736596,841418.8,1.0,1.9534210664645708,162.07143904243253,13.4,748.5640022180581,28.486788137757326
34,37.5603606209623,37.05933862526586,62.94066137473414,840897.2,1.0,1.9766638321819916,163.9998448284755,13.8,761.6868853208032,27.25405640745608
35,37.5443303442291,36.9810154700853,63.0189845299147,842318.2,1.0,1.9780717157975842,164.11665411629397,13.6,775.2353555237962,29.702246376546384
36,37.5640487898949,36.97530767460236,63.02469232539764,842895.6,1.0,1.9739934711218994,163.77829031204175,15.4,783.0847599962806,30.633748233445665
37,37.56091505158615,36.822192454941664,63.177807545058336,846325.0,1.0,2.0023420691560387,166.13031679373822,15.2,782.2843032485165,29.164180511404645
38,37.59791726930865,38.520300586290155,61.479699413709845,812464.0,1.0,1.8734130773873177,155.43333620467098,15.6,786.5057295156283,26.874017151904063
39,37.53254266705236,36.7207483026394,63.2792516973606,848024.2,1.0,2.0046104209379076,166.31851740437634,16.2,794.2774903733895,28.92011116808709
40,37.512920644103744,36.582393210755306,63.417606789244694,850785.2,1.0,1.9999732292423407,165.93377888377853,17.4,797.3417363170734,31.079610810944086
41,37.45902034519333,36.4414164737711,63.5585835262289,852850.8,1.0,2.019649186319614,167.56625369056576,17.4,798.4922926943267,29.819980074150596
42,37.498867033073,37.928790158230065,62.071209841769935,822973.0,1.0,1.924350304630765,159.65949607460533,17.4,794.8515488726478,26.818793457470854
43,37.506315687976084,36.28070676810226,63.71929323189774,857742.2,1.0,2.041146393096887,169.3498339424625,17.4,806.3457905462714,30.62301511577389
44,37.45280107993443,36.2152014548025,63.7847985451975,858057.2,1.0,2.0384769071417552,169.12835203173717,17.8,823.7712071315813,30.998171588957252
45,37.552261112718156,37.1834531051822,62.8165468948178,839875.6,1.0,1.9734753155547125,163.73529998094338,17.6,823.4808719365525,27.913236290273495
46,37.4582248577765,36.074445891690274,63.925554108309726,861520.6,1.0,2.062019249443698,171.08161308784474,19.8,828.018817393266,28.82417479750801
47,37.43689133159772,36.93657026219391,63.06342973780609,842584.2,1.0,1.9900610394533245,165.11138432136343,19.2,832.7820915538662,28.42319221110502
48,37.451523478931634,36.48132876769817,63.51867123230183,852338.4,1.0,2.03448166768448,168.79687500444595,20.4,829.6831355190186,29.210487741860142
49,37.5135956031241,37.92339414780742,62.07660585219258,822914.2,1.0,1.9264060436418162,159.83005662887422,19.6,834.4383650769605,28.43721992183878
50,37.486765982065364,37.73118607971881,62.26881392028119,827212.0,1.0,1.9507893750321224,161.85309286766514,20.2,838.4012858052447,29.56465450344438
51,37.32060553466397,35.61028837221595,64.38971162778405,869556.2,1.0,2.1022840907691283,174.42230644293303,20.4,834.6771536745146,28.17147912312504
52,37.44932986211551,36.60877447952434,63.39122552047566,850678.0,1.0,2.0237411451021097,167.90575532683184,20.8,847.9841414734958,30.578711915208068
53,37.302092372963074,35.5932742246956,64.40672577530441,869516.4,1.0,2.0976029218822547,174.03391922272692,20.6,842.8618188713032,30.51727482593642
54,37.43045511522515,37.295761213103596,62.704238786896404,835377.6,1.0,1.9784536432919027,164.14834187664258,21.0,852.5725321155012,26.963721359377587
55,37.31204801851317,35.48036454441906,64.51963545558094,872518.6,1.0,2.10904755287908,174.98345736727154,22.6,848.1523601280207,32.582612147462385
56,37.4162327644393,36.688711435417524,63.311288564582476,847777.0,1.0,2.0239316080312606,167.92155765513763,22.2,854.8013948098699,29.271883450385264
57,37.470518754218496,37.337320244905676,62.662679755094324,835201.2,1.0,1.979044708789634,164.19738139885834,23.6,862.7526012905067,24.277033100617786
58,37.39326005206827,36.15748820169067,63.84251179830933,859871.0,1.0,2.0656656249408156,171.3841455700896,23.6,865.073423309904,30.95973630610522
59,37.36529746408254,36.17129227818024,63.82870772181976,858775.4,1.0,2.0754959218475864,172.19974564385055,23.8,863.4332015338412,29.347796252408358
60,37.37674766174911,35.954791085213785,64.04520891478622,863910.4,1.0,2.081014471844392,172.65760869998553,23.8,865.0702191479483,29.159476440455553
61,37.534422910037605,37.933698211582666,62.066301788417334,823647.6,1.0,1.9274248092566766,159.91458157440795,24.0,880.000249407068,28.033604964950968
62,37.31713431684505,35.84045886670149,64.15954113329852,865898.0,1.0,2.0751022331312865,172.16708207843658,24.2,875.5826266391803,27.840109008888057
63,37.34340950727992,35.788971573163664,64.21102842683634,867551.8,1.0,2.1036523429920715,174.5358275933662,24.0,881.2296960206313,27.40322357128317
64,37.256725484524154,35.92881890715215,64.07118109284785,861949.6,1.0,2.0855271770681476,173.03201882699008,25.8,870.4381649773426,31.138304220787113
65,37.24460032783723,35.623303793901385,64.37669620609861,869246.2,1.0,2.114621151313565,175.44588768218387,26.0,874.9267002543759,29.08545889192907
66,37.28618262462636,36.295475450083146,63.704524549916854,854617.4,1.0,2.0636119791322307,171.21375868464293,27.0,876.2280858117916,25.871368778733864
67,37.24312988140006,35.5003042514166,64.4996957485834,872104.4,1.0,2.1207504410513036,175.95442259314456,27.6,885.0178825673423,28.54994463221964
68,37.39967216276155,37.238900996407914,62.761099003592086,835944.2,1.0,1.9764954025067205,163.9858705551776,27.2,888.3380651587231,28.780748992257976
69,37.23570533217626,35.35878901699115,64.64121098300885,875620.2,1.0,2.1282368241663923,176.57555282743724,28.2,883.6761075031336,30.058106692034567
70,37.11958827499758,34.36295181805238,65.63704818194762,896238.0,1.0,2.21360371103925,183.65827269750451,27.8,893.7157275391135,32.55618983713922
71,37.342758653938866,36.84865550043725,63.15134449956275,843345.6,1.0,2.011148253357932,166.8609482846009,28.6,888.2230744502591,27.549430954007494
72,37.13253302478064,35.08357061799482,64.91642938200518,879937.6,1.0,2.170162553180099,180.05404671224645,28.0,888.2290984936695,32.01958638914274
73,37.15644585864429,35.998065141054234,64.00193485894576,861711.0,1.0,2.0910392238988105,173.48934232843652,28.2,889.8086734509421,31.575938076061256
74,37.31132484813422,36.7445049946218,63.2554950053782,845067.2,1.0,2.013855217372458,167.0855396749581,28.4,901.5048973274439,27.517383365342255
75,37.12807347411051,34.950314176380886,65.04968582361911,883297.6,1.0,2.1774835687888743,180.66145673527532,30.6,898.9594770387082,30.279354095595203
76,37.30021212997782,36.328415172549,63.671584827451,854129.4,1.0,2.0595980614533462,170.88073196266123,31.0,894.3019650382357,29.88279657153917
77,37.48903191591939,38.21684267376433,61.78315732623567,813892.4,1.0,1.8922960953783892,157.0000224413542,30.4,902.7692054276613,27.481071255730892
78,37.39089769549706,37.05667621022517,62.94332378977483,838926.2,1.0,1.9974964558039296,165.72828594514044,30.8,896.5481720194655,27.740472271043643
79,37.10124385305178,34.656266862880976,65.34373313711902,890121.2,1.0,2.208767412941761,183.25701471695206,31.4,896.5114163167289,27.622985409156094
80,37.23368045511522,36.06294725467454,63.93705274532546,858504.0,1.0,2.0680190891353454,171.57940778738134,32.6,896.3896858990204,30.35380219905331
81,37.054093144344805,34.498574819935655,65.50142518006434,893062.2,1.0,2.217723250564336,184.0000626528218,32.2,904.9105031494452,30.833683835445402
82,37.185420885160546,36.045751611426795,63.954248388573205,858441.0,1.0,2.082879861483273,172.8123763475442,33.0,905.020945741863,28.789939762563126
83,37.113103847266416,35.22629041805645,64.77370958194355,876989.2,1.0,2.1554299868953413,178.83171515273267,33.4,906.4128833096199,28.913571260752065
84,37.01653649599846,34.4063832490182,65.5936167509818,893861.0,1.0,2.21659785900588,183.90669116599986,32.0,904.3497839812741,30.359958193871172
85,37.25670137884485,36.36457614055394,63.63542385944606,851485.4,1.0,2.0447958553670147,169.6526225280905,34.4,905.1027481649702,28.67699908055106
86,37.097917269308645,35.048976847735204,64.9510231522648,880684.0,1.0,2.1670360911102207,179.7946504072328,37.0,910.6112271382859,33.50166269829375
87,37.143910905409314,35.44829765609709,64.55170234390292,871443.0,1.0,2.128847983640772,176.62625950670756,33.6,913.3957691479964,29.337880619784933
88,37.38684794137499,37.363218724676884,62.636781275323116,830220.6,1.0,1.9661162823469023,163.1247357137578,34.2,917.6890895469493,26.054699622359134
89,37.30722688265356,36.78555532199614,63.21444467800386,842278.8,1.0,2.0033343151510286,166.21264145945054,34.4,917.4151654469333,27.715050465002236
90,37.344590685565514,37.103219497038616,62.896780502961384,835118.6,1.0,1.9891328105968427,165.03437102959884,37.4,917.6458722087003,28.187880277729306
91,37.30857680069424,36.92306912086417,63.07693087913583,838442.0,1.0,1.990472478507455,165.14552059680653,36.0,917.9522181423976,29.19960961775893
92,37.35669173657313,37.03293289271669,62.96706710728331,836952.4,1.0,1.9946856876726682,165.49508213482594,37.6,913.2123350940532,27.32080676390973
93,37.27663677562434,36.56400453243348,63.43599546756652,846000.0,1.0,2.0252605356122695,168.0318161186788,35.4,919.3932218258831,27.281214955879136
94,37.298476521068366,36.41755985713651,63.58244014286349,850135.0,1.0,2.034612951859433,168.80776738987345,38.4,919.9284466323131,30.02342106392109
95,37.29500530324945,36.727368203942504,63.272631796057496,842568.0,1.0,2.002829192299128,166.17073242667405,38.0,920.2657654180537,28.072388863846573
96,37.30804647574969,36.70053858020325,63.29946141979675,843436.4,1.0,2.0111955046804577,166.8648686323282,38.0,921.371408027501,30.521404990491817
97,37.2204223315013,36.21868365408554,63.78131634591446,853016.0,1.0,2.0532715812993594,170.35583655724525,40.0,922.0099645092741,26.07875627996743
98,37.25641211069328,36.3923786871403,63.6076213128597,849496.8,1.0,2.0383336611901646,169.11646720162557,39.6,923.0670087952703,23.330712333528314
99,37.288617298235465,36.651822394714195,63.348177605285805,844120.6,1.0,2.010430981727916,166.8014376920017,40.6,923.4996766480142,29.023630488915625
100,37.29018416738984,36.488209846058545,63.511790153941455,847919.2,1.0,2.0296084660270006,168.3925552093282,38.4,931.4179483313479,28.680130315348816
