NUM_STATION,THROUGHPUT,SUCCESS_RATE,COLLISION_RATE,NUM_TRANSMIT,ALPHA,NUM_FAIL,DELAY,CONTENTION_STATION_NUM,AVG_OCW,RU_COLLISION_RATE
1,12.052839649021315,100.0,0.0,100000.0,7.999999999999999,0.0,0.0,1.0,8.0,0.0
2,21.092141548548835,87.49884994497448,12.50115005502552,199999.52,7.410592827897936,0.14287180359380228,11.853787800570588,2.0,8.87806591498886,1.731862392033981
3,27.674129784977346,76.54241117027131,23.457588829728692,299973.2,7.054896561418039,0.3064642438569689,25.426725384324996,3.0,9.93219765165946,4.190672570218673
4,32.269453283193506,66.99453057504455,33.00546942495545,399634.4,6.428962510495556,0.49265899076416125,40.874931145720936,4.0,11.196916614489918,8.125689848037338
5,35.26364140391477,58.76847655174934,41.23152344825066,497844.06,6.0535448155935345,0.7015891941330514,58.209452258831014,4.96,12.68797595031965,11.988562071678333
6,36.94418812072124,51.78250202646398,48.21749797353602,591934.56,5.56162091630059,0.9311516565321446,77.25579063915897,5.98,14.39829787475357,16.386275258795013
7,37.67884244528011,46.11766882292268,53.88233117707732,677861.24,5.060866793089044,1.1683630373093044,96.93674447947836,6.8,16.233044666464412,21.029606695253843
8,37.79410134027577,41.64235278247682,58.35764721752318,753007.76,4.717178892293505,1.4014035401699436,116.27164892081989,7.72,18.058708753403263,24.246631437756747
9,37.61592662231221,38.20947670583698,61.79052329416302,816791.92,4.441347591794646,1.6171622284871472,134.17271577312164,7.92,19.755511314708215,27.178132228295418
10,37.449674573329474,38.4393582556026,61.5606417443974,808318.58,2.4562590294084363,1.6015203234063062,132.87493819237443,8.92,19.682631353268768,27.22682694513238
11,37.289289846687886,38.75353316929203,61.24646683070797,798331.88,1.7455171778366139,1.5804488636055034,131.12668131562143,8.3,19.541060961275964,26.169421148949006
12,37.14215360138848,39.077354634779205,60.922645365220795,788592.28,1.383431398731028,1.559041828204124,129.35058240243978,8.68,19.37706207963591,25.6622235527109
13,36.985686047632825,39.410890912049645,60.589109087950355,778624.52,1.1615833252184122,1.5374102790072965,127.55585602867738,8.14,19.198711596705746,25.48034600865988
14,36.848165557805416,39.659176835097085,60.340823164902915,770872.86,1.0057536467894088,1.5215038760759716,126.23613359027122,8.66,19.058246947010318,25.60640987269445
15,36.71694870311445,39.88863491716069,60.11136508283931,763709.18,0.8808316064383369,1.5069884968042162,125.03182160285222,8.12,18.938460068532688,24.642840176732015
16,36.598498216179735,40.106600888307554,59.893399111692446,757108.28,0.7954101854637231,1.4933824412921934,123.90295438913071,8.4,18.817121629214117,24.477059560114448
17,36.50890704850062,40.282955596012805,59.717044403987195,751948.66,0.7188774902187126,1.482471412691988,122.99768816822886,7.9,18.718245741864745,24.382496700719
18,36.42324028541124,40.48129238786307,59.51870761213693,746508.52,0.6615364349327725,1.4703157569471146,121.98915772238821,8.2,18.618873252032113,24.026073522127827
19,36.37588708899817,40.536910690110446,59.463089309889554,744515.08,0.6072639132890522,1.466898068610144,121.70559895644644,8.32,18.58555013872933,23.565293717591118
20,36.287985729437864,40.67417335793431,59.32582664206569,740209.78,0.5655394280639157,1.4586118058895798,121.01810431104667,8.34,18.521361398179888,23.258852104480543
21,36.23684553080706,40.75485748928235,59.24514251071765,737703.02,0.5280095141422355,1.4537226101350296,120.61245751768314,8.14,18.480513374657257,23.61238148364732
22,36.19425561662327,40.737107494581025,59.262892505418975,737156.94,0.4927277274018683,1.4547965317282319,120.70155864442795,8.7,18.481129345368164,23.346148134577724
23,36.13601870600713,40.826519126467595,59.173480873532405,734359.2,0.46605135737017667,1.449407012819333,120.25440103959443,7.8,18.440914324862185,23.630014890112893
24,36.06848182431779,41.08787283709587,58.91212716290413,728324.24,0.43935049888725003,1.4338631913150288,118.96476125702532,8.72,18.311674750952456,22.860427104453375
25,36.05035435348568,41.01976032670658,58.98023967329342,729166.88,0.4157714679105704,1.437891761987857,119.29900370860852,8.44,18.343140005883846,23.074831716244613
26,36.00763667920161,41.10915507088083,58.89084492911917,726719.1,0.3968070103301371,1.4325875997606374,118.85892797694058,8.8,18.299444277383326,23.370959247008408
27,35.96922668980812,41.07253048652307,58.92746951347693,726591.24,0.3775573853062213,1.434763170689856,119.03943074579598,9.16,18.31024292089388,23.010777506226567
28,35.94620335551057,41.00391909697154,58.99608090302846,727341.3,0.35790969403640205,1.4388086815177468,119.37507868816442,8.38,18.346415484721845,23.376893127820452
29,35.8841794426767,41.47789326234508,58.52210673765492,717789.18,0.3443655565560131,1.4109820633319656,117.06635983052652,8.3,18.124004158726077,22.226761272889668
30,35.88794474978306,41.34798144994931,58.65201855005069,720120.16,0.3296754243962786,1.4185349218238523,117.69300539388138,9.04,18.182678555185156,22.739009736207887
31,35.83939591167679,41.307568033735116,58.692431966264884,719849.26,0.31688045044876767,1.4209002918573779,117.88925541482293,8.86,18.20307998277869,22.63253571821079
32,35.82962105872143,41.34547155457322,58.65452844542678,718993.12,0.3045433459454862,1.4187101952073808,117.70754747596598,9.24,18.18309395354069,22.38390901399509
33,35.811797319448466,41.40042708040191,58.59957291959809,717681.62,0.29287860646861413,1.4154749384606111,117.43912469419999,8.8,18.15420914130014,22.625020541114296
34,35.779175103654424,41.412971766055115,58.587028233944885,716810.72,0.28274057398575325,1.4147486853237388,117.37886892393996,9.6,18.151378265209285,22.116738120264486
35,35.75694966734162,41.45899505026425,58.54100494973575,715570.16,0.2733041910252754,1.412084835741373,117.15785465179023,9.22,18.12777410165004,22.819927735801638
36,35.73312602449137,41.42331241309661,58.57668758690339,715709.4,0.26408859636912646,1.414135210697694,117.32797016116629,9.14,18.13634345248093,22.193560520721732
37,35.737472278468815,41.39857200608383,58.60142799391617,716224.32,0.25555754797062613,1.4155846639550156,117.44822839901974,9.28,18.155568368916036,22.390920090575648
38,35.73445424742069,41.21441421212172,58.78558578787828,719363.92,0.24724653170729385,1.426366404612879,118.34276785792134,9.14,18.234693857913435,22.695040618924512
39,35.707928357921126,41.43581722171923,58.56418277828077,714988.74,0.2399983245569065,1.4134432308376297,117.27055797613646,9.4,18.138343674242854,22.541441218008128
40,35.62352955356283,41.95692442598562,58.04307557401438,704439.68,0.23374347686519312,1.3834290323148146,114.78033995309555,9.4,17.894851919392945,22.236148897413496
41,35.63040690386656,41.78503171601049,58.21496828398951,707474.06,0.2263380507003253,1.3932269612535135,115.59325452128151,9.42,17.976398393364594,22.596616146409
42,35.65238164111465,41.695996670912535,58.304003329087465,709421.94,0.22033893868809826,1.3983404039887213,116.01750663813623,9.58,18.01868208987676,22.065169606276402
43,35.6239562240864,41.64955023337958,58.35044976662042,709647.12,0.21435713600472617,1.4010491363332698,116.24224474329873,9.9,18.039272314269272,22.94445606316247
44,35.6249590203452,41.64744041189813,58.35255958810187,709702.94,0.20869539690837827,1.4011750381232713,116.25269056301157,9.82,18.034455840194934,22.547834154635666
45,35.6146080416546,41.6698124492242,58.3301875507758,709115.72,0.20348328551492226,1.3998700392584447,116.14441741719465,9.74,18.029291851206075,22.732035267180386
46,35.603584514511624,41.738610623675456,58.261389376324544,707727.82,0.19868059051396653,1.3959429267978596,115.81859275056482,10.12,17.99909677852498,22.950966054872797
47,35.59346012920645,41.692910651784985,58.307089348215015,708302.28,0.19359856741205164,1.3985567361371638,116.03545528382821,10.4,18.017402652543407,21.648844125119012
48,35.56787918233536,41.72291009171065,58.27708990828935,707284.26,0.18904695986939618,1.3968192360290084,115.89129837485477,9.96,18.000678851314422,22.414514593806167
49,35.560625783434574,41.629587572450355,58.370412427549645,708725.16,0.18468630552502482,1.402187062080066,116.33665616665893,10.04,18.041156471223996,22.159325053698634
50,35.55972905216469,41.762420768281764,58.237579231718236,706452.92,0.18055681585345076,1.3945712347329298,115.70478620332172,9.96,17.98520418326149,21.58069969629939
51,35.53132774081574,41.856281432676454,58.143718567323546,704305.84,0.17674210841258675,1.3891812388618214,115.25758902588761,9.44,17.94421043081209,21.57339013461243
52,35.54087600038569,41.77894491291967,58.22105508708033,705799.24,0.17292742826515045,1.393614658650683,115.62542099892987,10.22,17.98004671303622,22.27109352277397
53,35.52960418474592,41.77425867723306,58.22574132276694,705654.62,0.16895157070519307,1.3938926058686512,115.64848172371025,10.82,17.981624297748922,21.714211684593984
54,35.52828078295247,41.79390323285692,58.20609676714308,705296.6,0.16550533112771568,1.3927645392509047,115.55488829256906,10.6,17.968214967875046,22.00198309851204
55,35.5092927393694,41.74468088307367,58.25531911692633,705750.74,0.16194397106129113,1.3955656325658463,115.78728940272315,10.54,17.989069450414746,22.357394395320583
56,35.4956657988622,41.91261905538396,58.08738094461604,702653.18,0.15900729499434613,1.3859708310196166,114.99122790803555,10.78,17.918638340646325,22.109817144367995
57,35.50039292257256,41.83223679756363,58.16776320243637,704097.1,0.15594187753999872,1.3906154053669801,115.37657895248762,10.78,17.95200941546315,21.933829794337193
58,35.48950679780157,41.79808128972113,58.20191871027887,704456.46,0.15283621111372642,1.3925274739432938,115.5352194581272,10.34,17.966443398293116,21.852966301680887
59,35.48889451354738,41.867138701003604,58.132861298996396,703282.18,0.15009737493363956,1.3885828046208153,115.2079381337798,10.42,17.93604626093584,22.544864235899414
60,35.4812530132099,41.8214493147681,58.1785506852319,703899.1,0.1471655365998361,1.3911945674005313,115.42463086808728,10.7,17.950594163094117,22.56283576763734
61,35.45891186963648,41.83955199904674,58.16044800095326,703151.34,0.1444872948834526,1.390175958343244,115.34011891182227,11.26,17.94624715100663,22.728755637537596
62,35.46164786423682,41.81822625883952,58.18177374116048,703564.24,0.14196616187338154,1.391381941996733,115.44017696358495,11.04,17.959794973491483,22.0523027295456
63,35.463091794426774,41.83642800974706,58.16357199025294,703286.8,0.13948232130745944,1.3903383765052075,115.35359442188407,10.58,17.94753864152679,22.011511099676692
64,35.453075884678434,41.842804265286276,58.157195734713724,702980.86,0.13717798776713835,1.3899843658982187,115.32422286984341,10.66,17.94041512851814,22.151605639647133
65,35.45109439784013,41.81339311918919,58.18660688081081,703436.1,0.13490923304509753,1.3916726612658163,115.46429735990226,11.02,17.954509665110734,21.8910100753339
66,35.441064024684216,41.80608570182611,58.19391429817389,703360.22,0.13263434061151186,1.392077259944336,115.49786610306168,10.96,17.96206754228612,21.40470344634187
67,35.4333550284447,41.779892425394344,58.220107574605656,703647.92,0.13033011258477,1.393561173229909,115.62098342053909,11.12,17.973302495895613,22.432887516613683
68,35.45473917655,41.63742197157726,58.36257802842274,706481.88,0.12821526823838883,1.4017834169583898,116.3031665382037,11.38,18.037846581382663,21.4082653521065
69,35.46843361295922,41.502809249350385,58.497190750649615,709047.12,0.12616790313748114,1.4095683647241108,116.94906808443004,11.5,18.093882843011826,22.59830635768536
70,35.46678719506317,41.490501192662066,58.509498807337934,709224.44,0.12417963556154894,1.410297235133588,117.00954100456354,11.6,18.100905812111872,21.94787931546987
71,35.41425127760099,41.76743609619426,58.23256390380574,703478.22,0.12228170365734252,1.3943003128402733,115.6823083557318,11.38,17.98004343153319,21.785916505992624
72,35.32693809661557,42.58810554421809,57.41189445578191,688221.44,0.12082170584942073,1.3481418901621496,111.85263634297323,11.72,17.620991936867025,21.41532947466048
73,35.340762703692995,42.41601716838344,57.58398283161656,691283.9,0.11894907410834359,1.3576915362387865,112.64495137865964,11.92,17.69179743795933,21.48727813280271
74,35.36349194870311,42.27555480902833,57.72444519097167,694026.86,0.1172342981075263,1.3654970242426459,113.29255710736385,12.26,17.751138051793674,22.007673977979753
75,35.357624626361975,42.187346120937335,57.812653879062665,695362.92,0.11540047518226317,1.3704624163384904,113.70452575877188,11.52,17.793734875303052,21.823445655081866
76,35.36930141741394,42.12308174446498,57.87691825553502,696653.62,0.113819226308973,1.3740742594948445,114.00419316176827,11.7,17.81964252264259,22.175854622958642
77,35.3756388005014,42.08330042404776,57.91669957595224,697437.06,0.11221793949949456,1.3763178432289989,114.19033881702359,11.58,17.838983986817205,21.26584674961372
78,35.37832658374313,42.083797403021464,57.916202596978536,697481.7,0.11064833018229221,1.3763376428834033,114.19198155475021,11.92,17.84036425993687,21.380539090352716
79,35.36207212419245,42.05698251371725,57.94301748628275,697605.6,0.10907367419537438,1.3778223612119325,114.31516566503161,12.0,17.848669961421923,21.92602610105037
80,35.37568219072415,42.06662485017418,57.93337514982582,697714.46,0.10763156390387389,1.377272085042629,114.26951035181685,12.44,17.844285570733746,22.864784421838166
81,35.35680985440169,42.05166456537564,57.94833543462436,697590.16,0.10619872646359407,1.3781146044452044,114.33941250160973,12.32,17.851270827883535,21.130186332061058
82,35.373245106547095,42.05568409057927,57.94431590942073,697847.6,0.1047256718799565,1.3778927287481542,114.32100391877685,12.64,17.849538212885648,21.54812047188502
83,35.359133641886025,42.07320836895166,57.92679163104834,697278.76,0.10346120839624832,1.3768755613698878,114.23661157573686,12.42,17.845222512508048,22.71270025699823
84,35.36629061806963,42.04555441445739,57.95444558554261,697878.74,0.10209192819043711,1.3784328551534528,114.36581712637168,12.4,17.854429703361596,20.391103323836262
85,35.35466203837624,42.084079610303036,57.915920389696964,697010.6,0.10084230303885576,1.3763186670963439,114.19040717164947,12.56,17.837293746019085,21.63801001155854
86,35.348934528975036,42.06067656589828,57.93932343410172,697285.38,0.09958340344707764,1.3776248842937726,114.29878140008573,12.84,17.84892739439682,22.448584385705008
87,35.34502458779289,42.01735305734262,57.98264694265738,697926.94,0.09832446171066636,1.380049168328648,114.49991939789128,12.88,17.865118378348367,22.147342296086823
88,35.35114260919873,42.136557715496856,57.863442284503144,696073.26,0.09721746082881605,1.3733707708583853,113.94582611657852,12.86,17.820194211116448,21.641207559937914
89,35.337530132099126,42.09195308679435,57.90804691320565,696542.68,0.0960283246461144,1.3759115816082856,114.15663210287624,13.44,17.83963257603052,21.21905638619237
90,35.32798428309708,42.07462021042424,57.92537978957576,696641.26,0.09489047984737269,1.37686108404325,114.23541042090038,13.24,17.843500347885815,21.994654462866595
91,35.34481486838298,42.09116819499221,57.90883180500779,696699.06,0.09373190440289703,1.3759142954415642,114.15685726419571,12.76,17.838766913223314,22.202958573919386
92,35.35934336129592,42.04493060535259,57.95506939464741,697751.94,0.0926530402624653,1.378497820318039,114.37120715614705,12.84,17.85400617211983,20.966732414263852
93,35.319858258605734,42.12934089261447,57.87065910738553,695576.22,0.09162687519760188,1.3737619690350948,113.97828304690375,13.28,17.817408035896875,21.525407861744007
94,35.345928550766565,42.13173248964403,57.86826751035597,696050.2,0.09060848030628822,1.373630084036928,113.96734081237585,12.66,17.82043790368018,21.743384837495142
95,35.323235464275385,42.083354259624315,57.916645740375685,696402.82,0.08958612522692037,1.3763547756703618,114.19340302781858,13.22,17.838885702795263,22.061982581873032
96,35.33597772635233,42.11266046525407,57.88733953474593,696169.24,0.08852428918069095,1.37470099994713,114.0561925636135,13.28,17.828904786756706,21.654871713474922
97,35.32848327065856,42.081418512503554,57.918581487496446,696538.44,0.0876091753480509,1.3764625902261955,114.20234818588699,13.5,17.841205642075256,22.270344015191544
98,35.30987127567255,42.09871964483624,57.90128035516376,695885.48,0.08659969330784983,1.3754556234285928,114.1188021646235,13.4,17.83429339791688,21.825766621054605
99,35.316264101822384,42.09167381710666,57.90832618289334,696128.02,0.08571022046703874,1.3758749392729652,114.15359196159939,13.84,17.83475237006474,21.574069060102524
100,35.32443833767236,42.10103948142064,57.89896051857936,696134.14,0.08482294786094802,1.375354545185729,114.11041590496957,14.08,17.838230868113598,20.977558022542148
