NUM_STATION,THROUGHPUT,SUCCESS_RATE,NUM_TX,ALPHA,FAIL_COUNT,TX_TRY,AVG_OCW
1,15.881082454580108,100.0,100000.0,7.999999999999999,0.0,1.0,8.0
2,27.787943082200485,87.48755999999997,200000.0,3.839798466082668,0.14302037648732727,2.0,8.0
3,36.47547008004065,76.55957999999998,300000.0,2.4867022188703123,0.3061725590641796,3.0,8.0
4,42.547856053868635,66.97886517012998,399999.82,1.8321538427032678,0.49300866336467797,4.0,8.000001010336268
5,46.5567812222081,58.63599095221367,499963.82,1.4451025408785763,0.7054373252061049,5.0,8.000360592811543
6,48.810373523059326,51.41399551442015,597792.78,1.1765964718153217,0.944996767195407,6.0,8.02156757294176
7,49.238416338457625,47.79359366823227,648715.16,1.0060417973731857,1.092338154056594,6.48,8.56260806532354
8,48.18435713378224,49.07886906633841,618203.1,0.8981710157605689,1.0375373165087713,6.2,10.160608745559513
9,48.27354846906364,47.35959986429351,641831.42,0.8021445273119407,1.111511417686241,6.5,10.317912889370959
10,48.36716745013341,45.64387733948477,667248.9,0.7177404038544469,1.190878646134076,6.86,10.498163392423738
11,48.4006701816796,44.19711815849593,689568.2,0.6554274884038865,1.2626068866671916,7.12,10.656301177789599
12,48.35895693050439,43.166886365149274,705417.04,0.6036955100767215,1.316605369735281,7.96,10.78429274749528
13,48.331177741074846,42.2052715487321,721075.14,0.5585201704707203,1.3693813249503457,8.08,10.904250077476451
14,48.29406682759497,41.27621105887315,736739.16,0.5218039521401948,1.422717890836527,8.16,11.02258330740284
15,48.19439397789354,40.73031088361188,745072.76,0.4885939377192073,1.4552015407303143,8.7,11.10017968940607
16,48.12614661415323,40.57190831577084,746922.32,0.45856693397223486,1.4647712490101457,8.64,11.148782071928933
17,48.07381527124889,39.68816866119766,762723.94,0.43328044829841617,1.5196575066591265,8.76,11.250593640445476
18,48.03940414178631,39.195300555608576,771761.9,0.41015270364568257,1.551352811555935,8.86,11.322109656205516
19,47.98605640960488,38.56078290677409,783590.26,0.3895562295819366,1.593333706356061,9.06,11.403627136530655
20,47.9327944352687,38.20853916192414,789936.48,0.3703552858613844,1.617231605439295,9.48,11.485844135486698
21,47.83309935205183,39.095109913994726,770417.14,0.3560753739439226,1.5578759751400557,9.58,11.563361968076023
22,47.7899980942701,39.00237164468821,771553.12,0.34038568730542323,1.5639415734359288,9.58,11.839787827087079
23,47.72813174946003,39.10764907959594,768480.12,0.3276029511661867,1.5570668356480701,9.5,11.999402100777079
24,47.716757718206075,38.53272981906196,779760.26,0.31359109532648727,1.5951934001382164,9.72,11.999427622276164
25,47.692723288019295,38.31057947144349,783886.86,0.30103260401016046,1.6102354256599631,10.26,11.999443911437044
26,47.64648392834458,38.018067867443975,789152.14,0.2898554624213733,1.630344170165548,10.38,11.999444020103152
27,47.62468873078388,37.70713963808366,795295.52,0.27993234933510763,1.6520215800443656,10.56,11.999438765870796
28,47.58436030999873,37.325778765562326,802740.76,0.2708830298281987,1.6791276714102488,10.54,11.99944728804328
29,47.543580866471856,36.82302924070137,813003.24,0.26123519119588595,1.715690737320719,10.36,11.999445516560863
30,47.50378605005717,36.292579438703655,824195.82,0.2524135669900398,1.7553770933976134,10.64,11.999446829667823
31,47.4876159319019,36.763350595304836,813364.4,0.24495616079702162,1.72013375410185,10.96,11.999431935261043
32,47.476470588235316,37.64073359155846,794219.1,0.23809020422408192,1.6566808387523695,11.0,11.999401940197002
33,47.45055266166942,36.77051508759466,812571.34,0.2307382280326552,1.71956680328123,11.3,11.999396839187972
34,47.41371172659127,36.24623476883882,823684.62,0.22379902082243866,1.758910972093772,11.48,11.999397598577424
35,47.378595477067705,36.07643417182282,826948.62,0.21785550530173003,1.77189513595639,11.24,11.999385598396765
36,47.35219476559521,35.84788873862274,831756.98,0.21204420873050783,1.7895737506382423,12.02,11.999378327169687
37,47.34504827849066,35.73330929612989,834298.1,0.20651452777339913,1.7984920403343005,11.58,11.999371574060334
38,47.30354148138738,35.65277680814973,835449.46,0.20162674601244152,1.804847451700156,12.08,11.999358391809919
39,47.27345635878541,35.30741412302389,843085.18,0.1959760799020642,1.8322708602489879,12.18,11.999352431426054
40,47.262796976241916,35.147381736997076,846732.8,0.19176043460474101,1.8451843387335642,12.46,11.99934387948591
41,47.222478084106214,34.93333586288469,851194.36,0.1868661289070993,1.8625908930325223,12.54,11.999334418915923
42,47.20050184220556,35.11783404511856,846328.22,0.18288361200176742,1.847572570986345,12.56,11.999319035587177
43,47.20731482657859,35.08088866760773,847341.8,0.17838894025789262,1.8505470780835092,13.28,11.99930619401253
44,47.153519247871934,34.69102522922237,855887.9,0.174403914114324,1.8826005243929467,13.58,11.999301103538594
45,47.13792402490152,34.541825154874566,859300.76,0.17085504493009243,1.8950809160208562,13.36,11.999289567717684
46,47.12538114597889,34.44566688051074,861470.32,0.16711084562325515,1.9031178029518478,13.62,11.999271917327249
47,47.10259814508958,34.39257451819311,862382.9,0.16354538304767705,1.9075980967238462,13.2,11.999261792961406
48,47.111412145851844,34.459133186204525,860878.3,0.16055422240304051,1.9019827431333312,13.98,11.999243327011817
49,47.041608436031,34.096739197667546,868739.12,0.15730386614904338,1.9328417968530802,14.16,11.999240237684313
50,47.037679456231736,33.962308513234696,872104.66,0.15406331192858327,1.944423363021683,14.14,11.999232113393708
51,47.02319908524965,33.97256929769917,871573.22,0.1510387391262808,1.9435672262956225,14.3,11.999218726532215
52,47.01701499174185,33.88655867145339,873670.28,0.14832416150496117,1.9510353514564445,14.34,11.999203281120403
53,46.997576546817434,33.86267461744546,873924.74,0.14575007015962682,1.9531176569666644,14.22,11.999190658352854
54,46.940388768898494,33.59278930588516,879874.18,0.14306467379861162,1.9768352260499276,14.52,11.999181580253667
55,46.907756320670806,33.41931068017569,883826.84,0.1403934548291633,1.9922755383265958,14.7,11.999170908136874
56,46.88493520518358,33.31420992661972,886183.64,0.13805730335360822,2.001719299446835,15.08,11.999158688477298
57,46.896420404014755,33.29575243033102,886892.24,0.13586315810671054,2.0034015361750543,15.44,11.999143776354614
58,46.858696480752116,33.19798101862091,888788.66,0.13342115542675215,2.012256408638083,15.62,11.99913148531499
59,46.81518866725957,32.87980854815837,896556.16,0.1311200310680159,2.041392879407165,15.28,11.999123934784297
60,46.75653030110532,32.537434351842144,904854.92,0.12881030023464318,2.073369522280831,15.68,11.999118523134152
61,46.70207089315207,32.348376590266675,909083.16,0.1268627531810604,2.091345645270587,15.2,11.999105201900218
62,46.743641214585196,32.52705955783063,904894.02,0.12483507880384444,2.0743695590305444,16.08,11.999089548107667
63,46.84304090966841,33.353637842421506,884345.1,0.12306589174845034,1.9982125171954275,16.52,11.99905327556862
64,47.00536462965315,34.75778697261357,851560.1,0.12165621227775214,1.8770554218548359,16.44,11.998999482151225
65,46.948678693939776,34.23920910037748,863414.96,0.11964515885054222,1.920645701560785,16.92,11.999006923699712
66,46.89522932283066,33.7709109666534,874391.36,0.11776765346405513,1.9611208294132054,16.52,11.999008476322599
67,46.834684284080794,33.369570092945736,883765.42,0.11603863412723228,1.9967537189484361,16.56,11.999003306702427
68,46.800314445432605,33.10746999583899,890108.14,0.11429522766432818,2.020472579214772,17.16,11.99899426494304
69,46.77075339855164,33.05507112011312,890955.84,0.11267021816405372,2.0252665073507057,17.32,11.998979821855528
70,46.78338203531953,33.09527188180461,890113.98,0.11104528675136263,2.0215460646133367,17.52,11.998963682240301
71,46.75592999618855,32.995177412890925,892290.36,0.10959983635683342,2.0307459262908454,17.6,11.99895472414791
72,46.74717634353958,32.87964075509908,895258.12,0.10806315422332823,2.0413954554765468,17.66,11.998942770367975
73,46.73628192097574,32.748571000295655,898631.82,0.10656726463969296,2.0535660670417712,17.96,11.99893194678347
74,46.72560030491677,32.69764926000347,899825.7,0.10519321347068238,2.0583042845217996,18.44,11.998919065502456
75,46.713498920086366,32.715948204930804,899089.38,0.10380392956097807,2.056605937414858,18.02,11.99890371396473
76,46.70843603099986,32.66601662416262,900366.16,0.1025728572575429,2.0613014656176274,17.58,11.99889094288608
77,46.692837631813,32.62237651354619,901269.46,0.10114308874065159,2.0653856611049033,18.56,11.99887682041664
78,46.673646931774876,32.49965751101284,904301.04,0.09990722003512864,2.076957411480327,19.14,11.998865773679801
79,46.6356657349765,32.424332403755976,905664.08,0.09865411182491009,2.084086690899685,18.38,11.998851913414164
80,46.68287066446448,32.5696028749941,902537.06,0.09751271352357589,2.0703712848499416,18.96,11.998833722014599
81,46.64273281666878,32.428926875406006,905673.1,0.09626069647237345,2.083668843979988,18.84,11.998822009865801
82,46.63084106212679,32.362033851669615,907313.56,0.09518217999864738,2.0900519531542696,19.4,11.998809230612121
83,46.6192986913988,32.27010494275259,909673.16,0.09400445825853135,2.0988513213171665,19.58,11.998797320500136
84,46.59353957565748,32.20682012101784,910956.88,0.09299406339530152,2.1049768220655194,19.74,11.998783195287672
85,46.628843221954,32.39077244483002,906469.74,0.09191964087134774,2.0873233433958274,19.74,11.998765301286875
86,46.59457184601702,32.26938117284255,909211.02,0.09084723775086095,2.0989156317015842,19.7,11.998751869749888
87,46.57549866598906,32.162971644598954,911845.62,0.08976159397915749,2.109155537215126,19.86,11.998741153599077
88,46.56921610977003,32.09336488476001,913700.08,0.08874696412368331,2.115891213492291,19.92,11.998730503881553
89,46.53290877906238,32.03334422810717,914698.28,0.08786162352234017,2.1217551771991907,20.1,11.99871510840496
90,46.56007813492569,32.07332877394258,914091.4,0.08684217704257312,2.117838004339348,20.56,11.99869937847647
91,46.53990280777538,32.03368960648514,914826.0,0.08596119749730693,2.121743677697339,20.52,11.99868617533374
92,46.531851098970904,31.9577072134093,916842.56,0.08497831774255396,2.129115670869882,20.54,11.99867637910559
93,46.5333629780206,31.90217235921287,918468.38,0.08409901804023709,2.134587944604602,20.82,11.99866130124792
94,46.48018358531318,31.7763388555854,921051.6,0.08316531284024195,2.146978321164445,21.18,11.998651246687789
95,46.51595095921739,31.89635815362765,918292.02,0.08234449588656167,2.1351669020537134,20.84,11.998630839197219
96,46.59225320797866,32.26887322899848,909180.02,0.08155458507042669,2.098966104457859,20.96,11.998603136406224
97,46.543498284843075,32.00916874257433,915597.54,0.08074124380110895,2.124100342024603,21.66,11.998599005151364
98,46.499097954516586,31.842282230512854,919518.04,0.07986753216332755,2.140464978954318,21.82,11.998588588925804
99,46.49672214458137,31.847783185200257,919312.54,0.07911201131364118,2.139930072889972,21.8,11.998575912165
100,46.47250984627113,31.7824154935072,920723.44,0.07829720787585077,2.1463679708731873,22.06,11.998564479236562
