NUM_STATION,THROUGHPUT,SUCCESS_RATE,NUM_TX,ALPHA,FAIL_COUNT,TX_TRY,AVG_OCW
1,15.881082454580108,100.0,100000.0,11.999999999999998,0.0,1.0,12.000000000000002
2,29.115290306187262,91.66658000000001,200000.0,5.827164807013028,0.09090967257108595,2.0,12.000000000000002
3,40.04146868250539,84.04437333333334,300000.0,3.8380443039122416,0.18984752757321138,3.0,12.000000000000002
4,48.94058569432091,77.04226999999999,400000.0,2.8306803152241558,0.2979872414415816,4.0,12.000000000000002
5,56.08637403125399,70.632936,500000.0,2.232624748598844,0.4157685641854822,5.0,12.000000000000002
6,61.6747554313302,64.72560431491276,599999.96,1.8664766247174385,0.5449829189960619,6.0,12.000000786687949
7,65.9591633845763,59.33321800042394,699998.54,1.5892194202783643,0.6853931933634907,7.0,12.000015931603611
8,69.09775123872443,54.38977007870508,799956.9,1.3793266712925143,0.8385784923289797,7.98,12.000397942547588
9,71.25833756828865,49.895267854127894,899282.66,1.209893797479592,1.0041986419103228,8.94,12.006863316682068
10,72.439680472621,46.07470761531863,989996.84,1.084406839620811,1.1703867537967694,9.86,12.102931601248484
11,72.3260513276585,45.283903182596575,1005705.32,0.9895307468743388,1.2082956189325453,10.38,13.124405578616543
12,70.97309427010543,47.674208204092686,937411.06,0.9213159029734637,1.0975770446746504,9.62,15.479817605863712
13,71.19165607927836,46.502232854038475,963995.74,0.8532364567845669,1.1504434071266,10.2,15.69505407717062
14,71.33199085249652,45.46251403026787,987985.82,0.7954597815040596,1.1996191244082253,10.48,15.903446126794579
15,71.53980752128065,44.18958350545323,1019407.14,0.7380505733675866,1.262982187617138,11.14,16.15046567864105
16,71.60315080675899,43.47556788058059,1037066.72,0.6975433804995577,1.3001507036463495,11.42,16.30889427939728
17,71.64158302629905,42.64643697296457,1057796.82,0.6578099917347103,1.3448689658970983,11.74,16.477468167163167
18,71.64276457883369,42.20249292107112,1068941.8,0.6229774429089243,1.3695477086568386,12.32,16.58841326547957
19,71.67117583534493,41.4794470952167,1088006.26,0.5892204777191803,1.4108431127119108,12.7,16.732420931569116
20,71.5818542751874,41.24826572360096,1092740.6,0.5624717103170049,1.4243615364244318,12.66,16.803381612948897
21,71.61152013721258,40.46007585213231,1114489.68,0.536399868905153,1.4715891582120852,12.74,16.93929265740637
22,71.59251365773089,39.896822128699576,1129923.86,0.5120548706393969,1.506477675961407,13.5,17.03747009223987
23,71.54730339219923,39.61858095116823,1137140.68,0.489901695872338,1.5240857788757172,13.54,17.09930495474133
24,71.5002159827214,39.47478303643859,1140532.08,0.47090651231205494,1.5332693395704267,14.18,17.144700469250253
25,71.47378033286748,38.93173260486368,1156013.4,0.45217615291219887,1.568610128626694,14.54,17.22149742541519
26,71.46632257654682,38.60358489138905,1165718.46,0.4360113319224056,1.5904386839063054,14.64,17.27448289954198
27,71.43338203531953,38.10574385414941,1180403.88,0.42012335011253393,1.6242922735612944,14.98,17.335439210975316
28,71.35735611739297,38.114161793316526,1178887.18,0.4052663837859651,1.6237084955581798,15.88,17.355821573656495
29,71.33362342777284,37.87302893872368,1185998.48,0.39255512701842676,1.6404231419360473,15.38,17.392565677005955
30,71.29663003430316,37.35494553427416,1201823.6,0.37916432280708257,1.6770383111284508,16.18,17.442668628465935
31,71.26611929869138,37.09737411812098,1209650.24,0.3672437338768788,1.6956212366184755,16.2,17.47328917806549
32,71.20826451530935,36.766859259748934,1219533.64,0.3557231882565856,1.7198524870970109,16.54,17.5065867559396
33,71.18004700800407,36.56512318372156,1225776.0,0.34645575459543887,1.7348635232189165,16.74,17.529793003508946
34,71.11828547833818,36.15228281087606,1238698.1,0.3355921287305405,1.7660797374152382,16.9,17.56188359345093
35,71.09759878033286,36.3142450427823,1232814.68,0.32693921553374883,1.7537469516579893,17.74,17.565928020516694
36,71.09091602083596,36.54874801415378,1224789.66,0.3186481222296046,1.7360843129566874,17.76,17.567070113513473
37,71.02095032397408,35.94079851865989,1244281.6,0.3096180359032322,1.7823710290675268,17.8,17.603466237188876
38,70.97628636767882,35.71203786277074,1251464.72,0.30227931162587174,1.8002029975195626,17.9,17.621668289547138
39,70.93241328928978,35.51529484679571,1257619.36,0.2943820230938524,1.8156925114121834,18.52,17.637419009072207
40,70.89479100495491,35.234432239970786,1266971.84,0.2868938556121424,1.8381340547894747,18.52,17.655713842129902
41,70.87091856180916,35.221646461618576,1267004.94,0.28017593191465123,1.8391742875669521,19.06,17.663819116309387
42,70.8184951086266,34.98035983201485,1274800.78,0.2740179739658847,1.8587614404786823,18.98,17.678625227573335
43,70.77327849066191,34.764157305917244,1281909.96,0.267274920448272,1.876532146736035,19.36,17.691945045521653
44,70.73691716427393,34.596232083944926,1287470.32,0.26166950290682833,1.8904867779419765,19.88,17.703117077140305
45,70.65677804599162,34.27958823845028,1297890.76,0.25587948871559507,1.9172012844347974,19.9,17.717511898153756
46,70.6011497903697,34.04362541543667,1305857.82,0.25033951403697335,1.9374161403463501,20.76,17.72928642983337
47,70.66078325498663,34.436453651771096,1292051.9,0.2456634429036152,1.903923013943724,20.7,17.724604396877922
48,70.6939175454199,34.79631637816374,1279289.24,0.2403705830378766,1.8738804382708085,20.88,17.719858979473848
49,70.62887498411892,34.308356982276436,1296290.36,0.23599164341289147,1.9147649200371568,20.96,17.737629861851243
50,70.56936856816161,34.046140511942795,1305173.56,0.2311926511314444,1.937183668239819,21.4,17.748433004326415
51,70.55303963918182,33.965389634418244,1307973.66,0.22669432669707704,1.9441790198642528,21.8,17.754606002088163
52,70.47860818193368,33.771433579941856,1314097.88,0.22253717614206633,1.9610933963680024,21.7,17.76323364936451
53,70.4349383814001,33.6201411513652,1319193.68,0.2183387423593813,1.9744369998519355,21.92,17.770345735458978
54,70.40831215855673,33.575961872656514,1320430.02,0.21444404512990536,1.9783459582079315,22.58,17.774895402877366
55,70.37998665989073,33.434422733854774,1325486.44,0.2104365598725473,1.9909414040315054,22.7,17.78134708505274
56,70.3233928344556,33.22674243214174,1332698.78,0.206824263462928,2.0096225249774076,23.32,17.788682551106216
57,70.34175454198957,33.320631708075524,1329290.34,0.20356929583608946,2.001185427799689,23.32,17.790400026278807
58,70.30407508575784,33.20082129618963,1333372.9,0.20028878091171204,2.011983562448732,23.24,17.795445974156852
59,70.28400457375173,33.10118889064851,1337004.38,0.1967033031465647,2.0210508477313662,23.88,17.80015357608742
60,70.24046817431075,32.95333930521104,1342171.14,0.1934474202927117,2.0345783457080704,23.9,17.805677060829154
61,70.20021598272139,32.87619803932285,1344549.64,0.19031772862644133,2.0417100535255726,24.0,17.80969100043965
62,70.1849352051836,32.818620527913964,1346615.14,0.18755349505725497,2.0470808536918024,24.34,17.81334276005932
63,70.16276521407697,32.74620514543212,1349166.8,0.1843650816016951,2.05380896631963,24.6,17.816885324343364
64,70.11414051581757,32.56846408329175,1355589.7,0.18172704328107586,2.070463760769182,24.86,17.822116636116704
65,70.07327213822893,32.43688919173609,1360295.3,0.1789848120121273,2.0829426636411004,25.18,17.826240423069873
66,70.01754859611235,32.3625407412997,1362336.04,0.17624439115971724,2.0899933597102263,25.12,17.829561459614993
67,70.0081851098971,32.279257559965096,1365668.24,0.1736519591542692,2.0979830419136034,25.46,17.832824526515626
68,69.93978528776519,32.040809772491805,1374487.64,0.1710063689288752,2.1210226575926434,25.76,17.83819115636136
69,69.86298437301488,31.81952806838804,1382525.88,0.1685669959678525,2.1427344143098814,25.94,17.84295439063516
70,69.86736119933934,31.861145850770722,1380806.72,0.16617744492386838,2.138622842085216,26.08,17.8441892226601
71,70.01673866090712,32.41643018334875,1360055.5,0.16420353401711293,2.0849011763470853,26.28,17.838336586484292
72,70.12745839156398,33.01335881267771,1337575.7,0.16217109092959434,2.0291037462944748,26.8,17.831649446605695
73,70.05529792910683,32.6228531028443,1352193.86,0.15979490079242933,2.065342421436625,26.48,17.83890242387241
74,69.96341633845762,32.286177651805,1364502.38,0.15759667333399968,2.097316215317382,26.72,17.845110101615703
75,69.9184252318638,32.09090825742859,1371922.5,0.15553501930992422,2.11615856837819,27.0,17.84922344630191
76,69.91194575022232,32.05244252758284,1373441.54,0.15358892364573712,2.119874234880671,27.78,17.851385014153838
77,69.874469571846,32.00977422433121,1374535.12,0.1516984831149204,2.1240766480397233,27.88,17.85315329324931
78,69.85188349637912,31.927698320834942,1377623.22,0.1497819883444379,2.132095270308993,28.0,17.855531805644056
79,69.80918879430823,31.828031351656932,1381092.28,0.14787194587306124,2.141889492587051,28.34,17.858117256525937
80,69.78542434252317,31.755037562925462,1383795.84,0.14608865256307602,2.1491400920480537,28.62,17.86034274496542
81,69.76259369838648,31.697323108778786,1385861.92,0.14432882409165573,2.1548520921795027,28.4,17.862298079642844
82,69.76424215474526,31.693864455780712,1386045.9,0.14254743840018455,2.1552033382818947,28.68,17.86337507926065
83,69.70627302756957,31.549518463521668,1391230.42,0.1408812096270393,2.1696179893717136,29.1,17.866059858848363
84,69.68386482022613,31.509498989919308,1392549.46,0.13922125738489022,2.173648703866805,29.2,17.867534626192384
85,69.68967412018804,31.475627536821705,1394164.54,0.13762477122567904,2.1770915399290316,29.66,17.8689805333026
86,69.72176025917926,31.59582581231914,1389500.06,0.13608411807917117,2.1649802219453216,30.12,17.868746427432587
87,69.68115233134289,31.465606159722384,1394437.86,0.13456893734415423,2.178073728130122,30.06,17.87112217993285
88,69.64548024393342,31.359507672335006,1398439.32,0.1329667196202667,2.188817670815048,30.22,17.872986233202436
89,69.61050057171897,31.29302316402369,1400706.56,0.13153155758041246,2.1956089707376294,30.78,17.87473238579501
90,69.59151950196923,31.261908854664597,1401718.42,0.13015440462791966,2.1987698373730646,30.24,17.875885503189224
91,69.56266357514927,31.161355194883598,1405658.38,0.12874908097184903,2.209108652025948,30.98,17.877764478653443
92,69.55351924787193,31.140374874539106,1406420.6,0.12739385587993016,2.2112683563886897,30.94,17.87860251188109
93,69.52521598272138,31.078868853801577,1408630.6,0.1261034547157172,2.2176399512298683,31.72,17.880008871532624
94,69.50530428153984,31.005959386639706,1411538.44,0.12466412019101078,2.225181336858014,31.46,17.881463522303367
95,69.53211472493965,31.149692827659077,1405567.24,0.12342790298592954,2.2103339589696964,32.24,17.88072719320349
96,69.62100431965443,31.37732072032648,1397154.26,0.12217093217170633,2.1870329333086214,31.64,17.87920212120893
97,69.51438508448737,31.12647508329021,1406256.88,0.1209803117760366,2.212717697268446,32.02,17.88239038497219
98,69.4807680091475,30.98362630129678,1412057.16,0.11974155286365475,2.2275243044931092,32.28,17.88426999590702
99,69.45938889594716,30.954982616532547,1412929.0,0.11859017841765594,2.230517483927778,32.52,17.88525148492042
100,69.44431139626477,30.907578149943106,1414788.88,0.11737863827875956,2.2354561154256696,32.62,17.886182041226274
