NUM_STATION,THROUGHPUT,SUCCESS_RATE,NUM_TX,ALPHA,FAIL_COUNT,TX_TRY,AVG_OCW
1,15.881082454580108,100.0,100000.0,7.999999999999999,0.0,1.0,8.0
2,27.79442891627493,87.50798,200000.0,3.8340372215623533,0.1427529975314046,2.0,8.0
3,36.47052153474781,76.54919333333333,300000.0,2.4819267146767645,0.3063500643720247,3.0,8.0
4,42.54396518866725,66.97274349854652,399999.8,1.8249152722046633,0.4931474444521416,4.0,8.000001221609086
5,46.53201626222844,58.605217918570716,499960.26,1.4419311000438984,0.706330123294605,5.0,8.000370067414165
6,48.81501715156905,51.423358925130394,597740.78,1.1829782908713122,0.9446399388553924,5.98,8.023594475385963
7,49.177432981832034,47.937039624948255,645972.9,1.0011958090330288,1.086079192561946,6.34,8.67830268412856
8,47.689858340744514,50.475531331512876,594928.64,0.9001063966096694,0.9811719189949198,6.18,11.04133670304599
9,47.739184982848435,49.09878913787588,612243.08,0.8045073008170065,1.0367303684754126,6.44,11.283559424291019
10,47.86597636894931,47.57139702971894,633578.9,0.725775616690101,1.1021280601859298,6.46,11.584347521952006
11,47.90798183204164,46.49674969529106,648791.22,0.6646593383949976,1.1507105308796421,7.14,11.825379852398612
12,47.903770168974724,45.49445900114848,663026.42,0.6088009668414404,1.1980907664186626,7.62,12.062615064591624
13,47.867942446957194,44.89927539896852,671313.26,0.5639960536967873,1.227233876248708,7.78,12.231009155922125
14,47.84970778808282,44.20205627880163,681642.36,0.5233052348264677,1.2623699481112143,7.78,12.414495466150608
15,47.825107991360674,43.60046345257914,690692.24,0.4918080870764904,1.2935914191694848,8.12,12.572936652260967
16,47.70492313556092,43.625872196065345,688555.12,0.4641579317616669,1.2922473524131521,8.22,12.62041142328782
17,47.72620696226653,42.88030123917543,700839.86,0.4379863085912904,1.33211004746082,8.3,12.795796726110348
18,47.696728497014355,42.45023325638933,707503.02,0.4139658243590562,1.3557271860461548,8.9,12.906025844558966
19,47.69966967348495,42.03716486934261,714499.2,0.3942861125812191,1.3788792439699338,8.92,13.006138465724296
20,47.700146105958595,41.466548735485596,724338.58,0.3733858423340305,1.411598712437692,8.98,13.115433578779799
21,47.539562952610865,42.04758880549099,711924.4,0.35892482632836603,1.3782895912184485,9.18,13.080996066460061
22,47.58014229449879,41.36108569316696,724358.7,0.3429837782017661,1.4177635837944382,9.62,13.195710664724036
23,47.57703913098716,41.046214593885296,729867.7,0.32761253892628583,1.4363019953745462,9.64,13.25759052156467
24,47.53192097573371,40.820777162297716,733202.46,0.3147322421249486,1.4497659413739243,10.06,13.306555378900306
25,47.50645089569305,40.57183586918716,737305.84,0.3030061946217873,1.4647890591354746,10.18,13.353804254838007
26,47.49131304789735,40.32693559468583,741547.16,0.2911878746831141,1.4797584403538664,10.16,13.394270759385195
27,47.50022551137084,40.06870344414896,746466.42,0.280873108143441,1.4957388919764574,10.46,13.435470114857694
28,47.48777791894295,39.766719772866324,751937.82,0.2717806040407929,1.514696182532171,10.5,13.473519216976332
29,47.46325752763307,39.547732226788575,755711.12,0.26273357035570355,1.5286222564952854,10.48,13.50538319600927
30,47.46088489391437,39.04968548988508,765311.24,0.25307864075961173,1.5608579067682482,10.8,13.547961906005348
31,47.455183585313186,39.36053567276641,759176.02,0.24599335649918605,1.5406366011922896,11.32,13.545462498220797
32,47.32874158302629,40.14620700031278,742335.74,0.23908011579938448,1.490915577333026,11.5,13.513544785053254
33,47.37948799390167,39.44005098470267,756437.14,0.23154574139984357,1.5355151928571604,11.1,13.566441703884355
34,47.371512514292974,39.13518249920142,762201.38,0.22527779127801942,1.5552702875724702,11.66,13.594306762889778
35,47.34753843221954,38.97603408141266,764926.4,0.21882117080797944,1.565698940587839,11.7,13.612146836707488
36,47.36210456104687,38.763485853388524,769357.26,0.21289124584878708,1.579761124542168,12.18,13.631837626651322
37,47.339229449879305,38.57781956483344,772686.6,0.20740175173928851,1.5921866464230687,11.88,13.648917394046709
38,47.34060792783635,38.53763633240825,773514.8,0.20186529416924479,1.5948747656588662,12.22,13.658327318576989
39,47.31422944987931,38.424129478554676,775367.52,0.1970754318808581,1.6025488360837494,12.16,13.671421647784747
40,47.296125015881096,38.2885050661264,777816.48,0.1921454197267076,1.6117760918184445,12.58,13.683260996810645
41,47.3022074704612,38.05155014243522,782760.4,0.18772624088930662,1.6280425817411979,12.88,13.698978496149007
42,47.28023758099351,38.085191658374114,781705.92,0.18314507527300147,1.6256973220086461,12.8,13.704699639584216
43,47.258153347732176,38.12228186432863,780580.54,0.17900434446179042,1.6231589974273755,13.24,13.70950359518265
44,47.25858848939144,37.92134961900862,784723.8,0.17513856229975855,1.6370293605697679,13.28,13.721939792319155
45,47.23595159446067,37.77049725736997,787480.54,0.17166338447772436,1.6476179030894607,13.16,13.732453468966858
46,47.25026362596875,37.620773497158794,790854.28,0.16773721341328648,1.6581293678411309,13.78,13.74182604641053
47,47.22321496633209,37.5081391351424,792775.02,0.16424920011102728,1.666110875556734,13.86,13.750040532342082
48,47.22250667005464,37.66190540628552,789526.4,0.16115520209155446,1.655209425029508,14.12,13.750695763489993
49,47.1983261339093,37.47064861142997,793149.9,0.15796824811002533,1.6687612857536747,14.0,13.760346073551332
50,47.18869266929232,37.302164213611036,796569.68,0.1546335009174866,1.6808014548418604,14.16,13.768937357342631
51,47.19124634735103,37.24852086615285,797760.26,0.15195439954224274,1.684716007637912,14.34,13.77461876091047
52,47.16241900647949,37.10588708087671,800337.36,0.14887528291415889,1.6950088201094713,14.86,13.781300445676013
53,47.18826388006607,37.15445815684751,799729.26,0.14635728509075616,1.6914982720338765,14.92,13.784300186358303
54,47.16237771566511,37.04771966695727,801593.28,0.14352901981844088,1.6992293015168571,14.9,13.790431593381197
55,47.165684157032146,36.87088308786801,805494.44,0.14104200675516906,1.7121955155821453,15.48,13.797395761368886
56,47.14274552153474,36.721484141947556,808378.18,0.13848940552907923,1.723245016180104,15.14,13.803815296897556
57,47.14156079278366,36.6550694187827,809822.52,0.13608907189251093,1.7281609238745903,15.8,13.80817060948066
58,47.11800279507052,36.636504575669484,809828.02,0.13392836317538115,1.72953606228353,15.72,13.811516394739119
59,47.11251111675772,36.48988219272039,812987.2,0.13154427956228504,1.740507523464908,16.14,13.817452274012272
60,47.104522932283054,36.11568204624225,821271.46,0.1296553420360603,1.7689273388044566,16.48,13.826525347053147
61,47.08446830135942,35.87285968025618,826478.5,0.1273464528210272,1.7876763431739107,16.1,13.83307181950532
62,47.10163892770929,35.92314077183608,825622.58,0.12528969681677615,1.7837464967239671,16.26,13.834951775371467
63,47.09484182441874,36.5557231709495,811218.32,0.12350047493038563,1.7355826652597157,16.36,13.826257468129185
64,47.07881781222208,37.96276263703886,780886.08,0.12198490996586532,1.6341863733738384,16.72,13.80099957514131
65,47.10208677423453,37.49621376559955,790993.04,0.1199089796468711,1.6669350803488872,17.36,13.813373879264688
66,47.08893088552915,37.05619236990739,800162.14,0.11817478162214341,1.6986210332060532,16.52,13.82404444086888
67,47.07977067716937,36.704065614458905,807681.48,0.1164684314598084,1.724537944893795,17.26,13.832846932475066
68,47.07336107229069,36.52120253206924,811614.98,0.11458201732426275,1.7381347941156953,17.5,13.837860192220798
69,47.05599669673486,36.518467971024926,811376.36,0.11303652988258583,1.7383473252612283,17.24,13.839759583387995
70,47.06235865836615,36.509730457748326,811680.24,0.11145666132621745,1.7389944705984155,17.64,13.8420818397298
71,47.040592046753915,36.382298584640246,814146.5,0.1099568145758271,1.7485783222108666,18.16,13.845887016553093
72,47.05973192732816,36.30102987688853,816301.16,0.10845790342525424,1.7547576202422994,17.94,13.84863456562343
73,47.02830644136704,36.18912843985906,818278.5,0.10703214281609277,1.7632791234094012,17.68,13.852341262409155
74,47.05248697751239,36.20456107853926,818350.24,0.10553444151624937,1.7620926842899585,18.66,13.853569163862296
75,47.03712679456232,36.17172292495467,818825.86,0.10417812122766273,1.7646251728032418,18.24,13.85573885922913
76,47.010583153347724,36.086631885635434,820293.38,0.10289990340616885,1.7711394637085596,18.6,13.85836217379508
77,47.0197179519756,36.08174771289915,820563.98,0.10157757418750137,1.7715259971696216,19.04,13.859758650589939
78,47.00684792275443,35.98115159977415,822632.88,0.10013366763966694,1.7792383553103814,18.54,13.862880204122138
79,47.00622220810571,35.973104044466176,822805.7,0.09904372702682496,1.7798743859544277,18.7,13.864301043868316
80,47.032851607165554,36.075051791135195,820945.36,0.09773872046031733,1.7719933083159092,19.12,13.864177547635947
81,47.01313047897345,35.92740663502072,823973.44,0.09660144899883029,1.7833964648637004,19.44,13.867445375312
82,46.98364883750476,35.843279249692834,825389.56,0.0954680260486545,1.7899421277635421,19.18,13.869827609022721
83,46.993920721636385,35.79350488562526,826717.82,0.09429584517078961,1.7938170686669954,19.86,13.871523820637316
84,46.99534684284082,35.76681219111156,827360.24,0.09325408698129616,1.7959316790091586,19.76,13.872804794175293
85,46.98409350781351,35.8733523727465,824705.24,0.09219944421379588,1.787600610042552,20.26,13.872817329230063
86,46.97699148773982,35.78397381950024,826640.32,0.09112294950717312,1.7945809843527283,19.94,13.87488844372017
87,46.95928725701944,35.66830343538175,829008.44,0.09007994653486291,1.8036563199115616,20.8,13.877243749888741
88,46.978493838140004,35.67815203932257,829118.6,0.08901172375220295,1.8028390021779683,20.38,13.878078593993607
89,46.967291322576536,35.634589207345705,829934.36,0.08806507139655725,1.8062839720808586,20.56,13.879747712258009
90,46.969368568161606,35.632774291937295,830013.38,0.08712086500253072,1.806434611271116,21.22,13.880763715828195
91,46.96990534874858,35.59288811023707,830952.88,0.0861492946936761,1.8095758756056006,21.12,13.881892760511665
92,46.96621140896964,35.51347400447426,832745.62,0.08524543458191845,1.815885247962137,20.8,13.88372575763289
93,46.94429233896583,35.48326953448129,833065.42,0.08433906724568263,1.81822883081262,21.5,13.88515853939528
94,46.933242281793916,35.39436747023495,834961.22,0.08346589738801821,1.8253360876380103,21.8,13.886940413120351
95,46.95286812349131,35.44625734177018,834087.7,0.082584755391785,1.8212047506178153,21.46,13.887121387735633
96,46.954411764705895,35.77134434026326,826534.7,0.08178001662649832,1.7955279497618613,22.36,13.88427799886363
97,46.93059331724049,35.53767806688861,831547.3,0.08094963198446266,1.8139159530847606,22.36,13.887348961666822
98,46.9195114979037,35.42716254071645,833944.22,0.08010094776594402,1.8226943678781586,22.08,13.889464866844941
99,46.92748380129589,35.45721144848941,833379.36,0.07931648226547311,1.8203091779816156,22.2,13.889886481036243
100,46.91513467157922,35.37664463114294,835057.28,0.07856570393127263,1.8267742404739489,22.24,13.891244060434635
