THROUGHPUT,COLLISION_RATE,AVG_OCW
0.031698968276926046,73.96039603960396,18.914310176720768
0.0682190724134606,67.58304696449026,18.583731887397832
0.10461864815350497,64.87252124645893,18.239886163085423
0.14017452511811782,63.780753659296174,18.20191983554131
0.17464564651431877,63.19532639065278,18.273361184799032
0.2108041654613827,62.41942415126772,18.175973905449496
0.2474447979944075,61.89680772086117,18.104021151669013
0.2827596181660399,61.62904808635917,18.048103572899702
0.3221724038183396,61.052018067900335,17.954267573223472
0.3583309227654035,60.8609794628752,17.911681333623193
0.39448944171246747,60.75539568345324,17.875924438384693
0.42932214829813903,60.671303963784915,17.847040928551365
0.4642753832803008,60.45580535879274,17.80542700273781
0.4977822775045801,60.467119747295875,17.81756058334243
0.5343023816411147,60.34529027641112,17.767705530434355
0.5682913894513547,60.3514968045745,17.77160368236165
0.6036062096229872,60.32324512755506,17.79059513336966
0.6404878989489924,60.20369954317382,17.782052030230677
0.6774901166714878,60.126268000283744,17.745580656131104
0.7131665220325909,60.074224021592435,17.75210745899841
0.7487223989972037,60.06942212508839,17.760994879386207
0.7821087648249928,60.05294262496922,17.783453063445755
0.8142898466878796,60.09450679267573,17.802654105929474
0.8527384051682576,59.94905179733937,17.8010189243172
0.8873300549609487,59.92160705536502,17.803275818037346
0.9251759714588758,59.83885313660859,17.780723092741702
0.9613344904059397,59.808515998992185,17.773644843684067
0.9939976858547874,59.866660178110855,17.7838800821884
1.028830392440459,59.849482596425204,17.79414377392993
1.0636630990261307,59.849863512283896,17.806639140748143
1.0998216179731946,59.80353288401392,17.79434179955299
1.1310384726641596,59.90086317408768,17.799543404446194
1.1676791051971844,59.82750041466246,17.803261235112192
1.2060071352810722,59.72306082196192,17.78345365188077
1.24433516536496,59.61034388325965,17.758977485043776
1.2802526275190436,59.6229140532938,17.758280351893987
1.314482692122264,59.64328004736531,17.761430580080773
1.350159097483367,59.62224705331074,17.762781932869395
1.3836659917076464,59.64141325364739,17.772998649845604
1.4182576415003374,59.62462256382103,17.771829554921744
1.4548982740333622,59.605795937489546,17.764762340204104
1.490333622601485,59.59018268570868,17.760615057579983
1.5262510847555684,59.56121862425752,17.758368088019125
1.5646996432359463,59.497067265693246,17.74866271206536
1.6014608041654614,59.47726371649029,17.7397122834594
1.6360524539581525,59.47938744440132,17.73273436413794
1.6740188988525697,59.41736792893876,17.716905287771255
1.7095747758171824,59.41747017252725,17.724517754438274
1.7428406132484813,59.43899018232819,17.721926177306948
1.779963359367467,59.41742236878264,17.722183353723707
1.8163629351075112,59.401939655172406,17.72216146586455
1.851195641693183,59.41067653276956,17.72524527347619
1.8872336322437566,59.393153526970956,17.719850763541228
1.9243563783627422,59.376113174902045,17.71989463722643
1.9606354257062963,59.370082673526994,17.715073020097222
1.9993250409796548,59.307231871258956,17.70738323759365
2.03608620190917,59.278275961816604,17.705049176696075
2.0715215504772924,59.27058154414902,17.702731698441294
2.1069568990454153,59.270736253494874,17.703427567206383
2.141910134027577,59.29870367825569,17.70567884165134
2.1816845048693474,59.23381829647313,17.69348372136258
2.21724038183396,59.23504775411617,17.691704808927557
2.2523141452126123,59.26361912235956,17.683816918751234
2.286785266608813,59.253055000751665,17.68557701655265
2.3259569954681325,59.224983096686955,17.678504084214193
2.3628386847941374,59.20847291870409,17.680366938755913
2.3989972037412013,59.21311475409836,17.678496220535596
2.4333477967409123,59.25365302333091,17.685653263347646
2.468180503326584,59.24857216771805,17.687116639573976
2.503977437084177,59.24152949716506,17.6866349020065
2.5415822967891235,59.21276595744681,17.683110240335438
2.5761739465818145,59.24026011174889,17.681577277748925
2.610886124770996,59.24518362432269,17.682462007647235
2.6498167968373347,59.21679930250245,17.67214971455602
2.6847700318194967,59.21599501986561,17.675898396317073
2.719482210008678,59.214403210354114,17.673523361215757
2.7538328030083887,59.24512147265527,17.679881682505854
2.791437662713335,59.229658838855045,17.681605944973946
2.825908784109536,59.23356458539808,17.680426737178454
2.863634172210973,59.21691813859279,17.674976109863533
2.900636389933468,59.20878673853351,17.669547910684912
2.935107511329669,59.227137260154706,17.67635674919847
2.970783916690772,59.225806451612904,17.67172487375285
3.0039292257255807,59.25084202609463,17.67603484761567
3.03719506315688,59.259199379163164,17.675662824746205
3.07130459936361,59.2626934390587,17.680214995862634
3.1071015331212033,59.24139893751581,17.677014188171242
3.1444653360331696,59.22956711986248,17.67093785689468
3.178333815446919,59.23635801514917,17.67525280947788
3.2119612380676887,59.24606208900444,17.67440339655927
3.245468132291968,59.258306602917145,17.67783691178478
3.2812650660495613,59.23391383776823,17.67660548124839
3.318990454150998,59.20686181559611,17.675959180456854
3.353582103943689,59.21610014218079,17.66970413069405
3.390704850062675,59.207111059553675,17.666140839853195
3.4256580850448364,59.2247216802479,17.663729595231302
3.4613344904059398,59.213179946030394,17.662363008481787
3.496046668595121,59.218277680140595,17.664018029627734
3.529915148008871,59.23472015366842,17.66671312056179
3.5689663484717,59.21012755875141,17.661479833569892
3.606812264969627,59.2046786814625,17.660006922585396
3.641403914762318,59.212107302453056,17.66521353386713
3.6780445472953427,59.20102679287662,17.66493005639723
3.712636197088034,59.21158913650869,17.66426147805783
3.7513258123613924,59.17896255492163,17.65683121513272
3.7882075016873977,59.191357864395336,17.652932174071307
3.8227991514800888,59.19383475284975,17.65481772002981
3.8572702728762898,59.19546092056611,17.657139508910266
3.8949956609777265,59.18460139436193,17.65711629848975
3.927779384823064,59.19665439611349,17.66322301640506
3.9652637161315205,59.17833035537026,17.664405279444807
3.999373252338251,59.19024954187113,17.66458283648565
4.035893356474785,59.17508930639714,17.661481498141303
4.07241346061132,59.162164448795586,17.658277301593106
4.10628194002507,59.180225731470614,17.665381211163254
4.1456947256773695,59.15546477936636,17.661611642546255
4.183058528589336,59.14201287922489,17.661350393590812
4.219096519139909,59.14115298868955,17.658982043837426
4.2558576800694246,59.13761977503125,17.659120555768283
4.29285989779192,59.126223619733985,17.65941620727322
4.3273310191881205,59.12821738783967,17.65891618077361
4.364453765307107,59.12195342221419,17.655078643340115
4.403504965769935,59.1038327214113,17.65110276528749
4.4388197859415675,59.11361769211981,17.649621535988686
4.474255134509691,59.11358805194234,17.64723535906464
4.511739465818147,59.11419365408771,17.643585388627056
4.54717481438627,59.114603088593874,17.64372275717852
4.583694918522804,59.11148383489769,17.64117354960539
4.619371323883907,59.11282751557566,17.644134584330505
4.652396104522225,59.12835391033651,17.64558038423065
4.689639379037701,59.12061357428031,17.6438818943659
4.725315784398805,59.113331317071136,17.641981289150955
4.758340565037122,59.123006833712985,17.644908345690315
4.792450101243853,59.13295510606809,17.646510460943396
4.825113296692701,59.152917648739376,17.65278655297711
4.861151287243275,59.146298228376374,17.653219341647564
4.894658181467554,59.16007120086084,17.655930712389715
4.929490888053225,59.15409967042844,17.659430459626442
4.96613152058625,59.1543990086741,17.657387664749347
5.002290039533314,59.150590551181104,17.6573832026516
5.036640632533024,59.155507770501416,17.65778841295731
5.072196509497638,59.15818282397927,17.660029781747333
5.109680840806094,59.146188686518265,17.658705737172358
5.1455983029601775,59.13859111791731,17.66042321802731
5.18079259473532,59.13641160197359,17.66250562655028
5.216589528492913,59.13532805226932,17.664039781370025
5.251060649889114,59.15108669154462,17.66294898716723
5.287821810818629,59.14361013587134,17.662030622180463
5.32229293221483,59.14889680373745,17.663255746728723
5.359656735126796,59.13280826387039,17.660173376908578
5.397382123228232,59.128371286450964,17.657279640080663
5.432094301417414,59.14147137482435,17.657268639081142
5.4664448944171244,59.146797337344736,17.660754958455488
5.502362356571208,59.143345534603576,17.65985422695273
5.541654613827018,59.12230944993199,17.655110046382077
5.57696943399865,59.11986358857466,17.65519425334554
5.61650274804744,59.099287294175475,17.650908713961464
5.650009642271719,59.12008371849655,17.65154882299227
5.6873734451836855,59.105445154133484,17.651587159778114
5.719916112236043,59.122974753869606,17.654552544251345
5.754628290425225,59.12663082560011,17.656962094348266
5.789219940217915,59.125528673911376,17.656584874988088
5.822003664063253,59.14093096827129,17.659105050200537
5.8549079163050815,59.153247845280646,17.65941404101681
5.892151190820558,59.14045000167163,17.65822248461076
5.930238164111465,59.130478120742936,17.65716428035314
5.9654324558866065,59.12964492155244,17.657311077405737
6.0012293896442,59.127065564485015,17.65847677768616
6.038472664159676,59.11605816781184,17.656600669281314
6.072823257159387,59.12266041424967,17.6562870703506
6.109946003278372,59.118218695312066,17.65563489557889
6.144176067881593,59.12979339207401,17.65694975823625
6.17671873493395,59.14229677583952,17.66032982077557
6.211671969916112,59.14172004820194,17.66073203504849
6.246866261691254,59.14279407823167,17.66091048851857
6.280252627519044,59.15561408459536,17.660501497012092
6.314964805708225,59.167991520932695,17.659637494996435
6.353413364188603,59.15019257445307,17.658740351399793
6.388366599170765,59.155255188144906,17.659586304352374
6.4225966637739855,59.153277733488686,17.65988516666433
6.458032012342108,59.148056938524995,17.660328657352593
6.495154758461093,59.144048521607274,17.660335241167925
6.529746408253785,59.1457528957529,17.660091999347564
6.564820171632436,59.15271142842143,17.660176861261824
6.601701860958442,59.143835360987,17.659599058165558
6.637257737923055,59.15442812639075,17.65980145511819
6.672934143284158,59.15964650860861,17.661455992434757
6.711382701764536,59.14523643567262,17.66141846903779
6.748987561469482,59.13549253426357,17.6600061189904
6.785989779191977,59.12325027589011,17.659481127204874
6.822389354932022,59.12507853062875,17.659596222320623
6.859150515861537,59.115335431124905,17.66001004370038
6.8968759039629735,59.11254019292605,17.66057439330705
6.930141741394272,59.122707237309825,17.66159757861127
6.9656976183588855,59.12019975525736,17.663065580695736
7.001735608909459,59.11346344690705,17.664361397120135
7.037894127856523,59.116114938665774,17.666280249099206
7.074896345579019,59.108451528408615,17.66591074859247
7.111778034905024,59.101841647432295,17.66532299051564
7.147092855076656,59.09833973664789,17.66442125892396
7.181684504869347,59.09955176650673,17.66506011342793
7.218566194195352,59.099507617922434,17.663864699135924
7.254122071159966,59.09887869520897,17.66257803744374
7.287628965384244,59.10560417709362,17.663875909864444
7.323305370745348,59.10730630485113,17.664104853951667
7.357414906952078,59.11578157755497,17.665470868039808
7.393452897502652,59.11051266839533,17.66285719356397
7.428526660881303,59.11032972865389,17.662968066736465
7.463962009449427,59.110597556949486,17.662418148505612
7.496022562915823,59.1233535767805,17.66538377512756
7.532060553466397,59.11894964772378,17.665438431691896
7.562915822967891,59.14019105418411,17.669592581898538
7.597266415967602,59.148001244361495,17.669948280896687
7.633907048500626,59.14321838190708,17.668688664945925
7.669101340275769,59.14592255388547,17.667714683127166
7.704416160447401,59.145612700766314,17.667294151564832
7.738284639861151,59.156578219131895,17.668634527225734
7.773478931636293,59.15401081710978,17.669993628349683
7.806985825860573,59.15977831161216,17.671631149651624
7.841577475653264,59.16010169172342,17.671603026231473
7.878218108186289,59.154137452663946,17.67096285865874
7.91317134316845,59.15922267287068,17.67016945750105
7.950053032494456,59.15182441972801,17.66919817798079
7.986934721820461,59.14776615354265,17.667059475151348
8.023334297560504,59.14093333578852,17.665876314824594
8.056841191784784,59.14707931502329,17.66709942775127
8.090709671198534,59.15383257981879,17.668458417550593
8.126868190145599,59.15050102385771,17.667888837479193
8.163749879471604,59.14850756620809,17.666062422514692
8.197979944074824,59.15876065810015,17.66751398885805
8.231486838299103,59.1676282607006,17.66897530054345
8.268609584418089,59.16536707896335,17.667718315518016
8.30356281940025,59.168953398092775,17.66969398721466
8.335984958056118,59.175746986671705,17.671875855188457
8.3706971362453,59.171315865280036,17.67126335509488
8.402998746504677,59.18364957350023,17.674723968425038
8.43927779384823,59.18163905373737,17.67527271194865
8.47326680165847,59.184514720653034,17.6764463679697
8.508220036640633,59.19194371701265,17.67766098878167
8.544740140777167,59.18618775942568,17.677420210053203
8.579452318966348,59.19024904829611,17.67604654983917
8.616816121878314,59.188473306845694,17.674256411358765
8.650805129688555,59.194974274425086,17.675108436895894
8.689374216565422,59.17828851631023,17.67425254250703
8.722760582393212,59.181843306016326,17.674170091964957
8.756749590203452,59.18737641560309,17.674482367654242
8.791461768392633,59.18882323978336,17.674716070729872
8.824968662616913,59.1910555738244,17.675813636013984
8.862091408735898,59.186584810773,17.675772709939487
8.89620094494263,59.18626898023733,17.677290781119353
8.932238935493203,59.183437427712235,17.676845631883648
8.969000096422716,59.178904291442905,17.677574355020553
9.00443544499084,59.18376266834212,17.675933842156116
9.040232378748433,59.18095238095238,17.67540302340067
9.076993539677948,59.17781042155645,17.67424545621853
9.114116285796934,59.17108964563974,17.67310901107976
9.150997975122939,59.16944968781763,17.672715044914494
9.182576415003375,59.18352039859634,17.675828910637698
9.216685951210104,59.18061227213281,17.678211089619218
9.254290810915052,59.169250240631335,17.676793448511603
9.289967216276155,59.17012755858796,17.67778024819556
9.325282036447787,59.16460827158148,17.676926966350596
9.357583646707164,59.17549625345077,17.680353632777983
9.390608427345482,59.17674428352859,17.682734189325206
9.427731173464469,59.1655616692943,17.68258276372698
9.46316652203259,59.16726474657013,17.68340365490865
9.498722398997204,59.16970613835123,17.68283400255571
9.534398804358307,59.17287722702781,17.683612242547635
9.572847362838685,59.16545845286938,17.68213175845816
9.611175392922572,59.158817714815434,17.680811466002606
9.646972326680165,59.157940930336984,17.679592401183786
9.679876578921993,59.16366668700551,17.681406338310836
9.715794041076078,59.16351312329975,17.68130091788931
9.749783048886318,59.16978770227844,17.682862732776307
9.786423681419343,59.157968863962175,17.682517305616802
9.822341143573427,59.15967986849952,17.680088448743977
9.855727509401214,59.163911666883074,17.682531152791945
9.8928502555202,59.15614207943949,17.681313538705304
9.924428695400636,59.1643523110494,17.683725467522127
9.96118985633015,59.15892468867365,17.68450102952841
9.997468903673706,59.155505219617886,17.684250071976965
10.031819496673416,59.15695463355988,17.683396688883136
10.068821714395911,59.15482628125519,17.682967905372074
10.101605438241249,59.16558666185943,17.684840044475788
10.137884485584804,59.161200421439005,17.683875972435246
10.174043004531867,59.16049000445107,17.683591213435292
10.2093578247035,59.16493115816267,17.682640097373515
10.244070002892682,59.16114896356874,17.682482807070684
10.278541124288882,59.1673449844386,17.68250101958067
10.313012245685083,59.16395030854329,17.683370363522975
10.347242310288303,59.16774475857083,17.684172548703874
10.383641886028348,59.16588459460228,17.68363244780192
10.419438819785942,59.17006333627738,17.683904053544055
10.45186095844181,59.18335647548892,17.685522409789968
10.48657313663099,59.1809446957044,17.687213152054888
10.521526371613152,59.17818596734068,17.68940477472578
10.558408060939158,59.168367965246894,17.688486038508554
10.592638125542377,59.17642140468228,17.68898863500528
10.62783241731752,59.17561379872309,17.68909644246408
10.665075691832996,59.171488423170274,17.6882476314865
10.699305756436216,59.17513256469571,17.68918043606219
10.736428502555203,59.17523694293204,17.688769183382192
10.771140680744383,59.17608471215956,17.68829641685233
10.809348182431782,59.16483776670825,17.687319030217452
10.846350400154277,59.16617131240896,17.68500673123178
10.881544691929419,59.16855487564957,17.684812430915823
10.917341625687012,59.168300764081415,17.684381415955976
10.953138559444605,59.17190069277839,17.683302235020374
10.988453379616237,59.17288014151049,17.682844296738878
11.023045029408928,59.17233990312716,17.682950650446056
11.05727509401215,59.17477326735317,17.683126931570676
11.089456175875036,59.18491376250976,17.683773147477122
11.12573522321859,59.184106616200246,17.683704832650612
11.161773213769164,59.18562525892692,17.68366319639572
11.197449619130268,59.18289339566272,17.68469880509306
11.231920740526467,59.18759717082357,17.685051562511152
11.2672355606981,59.18814613020397,17.68504576352458
11.300380869732908,59.19581500002175,17.685342926242456
11.339673126988718,59.18414271212029,17.683777290305347
11.372938964420017,59.19381413874078,17.684399850784878
11.4088564265741,59.19077387367967,17.684300148276023
11.44260437759136,59.194261054948086,17.683822415884993
11.479968180503327,59.185571162894334,17.683962751051023
11.512992961141645,59.194754154385066,17.685790459421742
11.54999517886414,59.18600293025315,17.684650841988745
11.584827885449812,59.18702708211255,17.684328233141056
11.621830103172307,59.180943430571965,17.683268607050184
11.656180696172019,59.18469842958011,17.68436863372031
11.69125445955067,59.186936453639305,17.68445127724767
11.728859319255617,59.1842897767786,17.683406751905512
11.762125156686915,59.185960920770874,17.68394243289017
11.798163147237489,59.18228634572483,17.6845475067784
11.833960080995082,59.18540411787448,17.68541400529215
11.869998071545655,59.18496752883448,17.68467671306082
11.905553948510269,59.1856804039369,17.684549028149917
11.942797223025744,59.18415264081462,17.684730769662046
11.975942532060554,59.18737857298354,17.6848901937467
12.009449426284833,59.19069462647444,17.685457980309202
12.044282132870505,59.194665403524816,17.685269811569082
12.079717481438626,59.19258957654723,17.68489162589177
12.114550188024298,59.191230207064564,17.685927405814056
12.150949763764343,59.188911288690264,17.686384005007984
12.184938771574583,59.18957213962482,17.686770496561152
12.221699932504098,59.18376383169708,17.686333433755276
12.25689422427924,59.18484477534065,17.68578433650791
12.291726930864911,59.18663006155103,17.685780857839564
12.328849676983898,59.18114886569964,17.685398968051427
12.36428502555202,59.1814322150909,17.685376016855354
12.401889885256967,59.175867992874345,17.68574292486945
12.436722591842639,59.17604329867541,17.685850169663265
12.472640053996722,59.17315006233529,17.685978033741815
12.50590589142802,59.17314593301436,17.68700760587047
12.540377012824221,59.173703540934206,17.687468488597652
12.57400443544499,59.17875435802522,17.688526701806403
12.608596085237682,59.180655382046055,17.69023916566784
12.64077716710057,59.190169343792796,17.691712871694584
12.674163532928358,59.194800155219255,17.694128348613646
12.706224086394755,59.20476752510496,17.69616547645562
12.741538906566387,59.205362414475736,17.697079036790544
12.780710635425706,59.19536691422634,17.695593178714674
12.81626651239032,59.19615653228344,17.695835765686184
12.850014463407579,59.20002755358599,17.69652827630191
12.883882942821328,59.203807313889676,17.69838300282495
12.920161990164884,59.200109615735954,17.697876105759686
12.956923151094397,59.1975465618085,17.69749448619639
12.990671102111657,59.199827382574725,17.69898967018241
13.024660109921898,59.19980064864701,17.699213894183156
13.05985440169704,59.2016928539424,17.69873633793206
13.096253977437085,59.201198540124054,17.698437878091617
13.131930382798187,59.20020371251072,17.698141096646477
13.168932600520682,59.19845845905656,17.69717302626446
13.206055346639669,59.196046521154614,17.697158256185972
13.243057564362164,59.19280679209965,17.695953736502762
13.2807829524636,59.188420397641416,17.694353294227103
13.315615659049271,59.18915424539628,17.69350217714225
13.352738405168258,59.18679359278525,17.69248077698908
13.385642657410086,59.19325680859507,17.692855130456344
13.42156011956417,59.18902872556421,17.69310349615248
13.454825956995467,59.19301362401804,17.693383115390453
13.491105004339023,59.193219103171714,17.691856626075044
13.525335068942242,59.19545036380362,17.69174728032223
13.562096229871758,59.19034977005991,17.692203081137713
13.599218975990743,59.18817639909717,17.691370380812362
13.638872818436024,59.178733505046786,17.690765188017426
13.674428695400636,59.179958048046856,17.691130117532456
13.709140873589817,59.18207689022705,17.692351823953967
13.745299392536882,59.17755162674818,17.692512994271095
13.780975797897984,59.17345692677946,17.692913846364053
13.817013788448559,59.17354900976171,17.692583410081916
13.853292835792113,59.17133489394806,17.692151590746196
13.891861922668982,59.16760843303067,17.690285504739354
13.927899913219555,59.16944625038867,17.689475370901388
13.96502265933854,59.16651982378854,17.689101941485415
14.001783820268056,59.160643473858876,17.687808501978875
14.039388679973001,59.15721118108248,17.687435435588664
14.074703500144635,59.158156127588136,17.687638985419923
14.108571979558384,59.15786829305737,17.68874902591083
14.146538424452801,59.154704111638914,17.68769200022089
14.181612187831453,59.158469110776345,17.687168365888837
14.216685951210104,59.16051810637038,17.68792234038795
14.249469675055444,59.16587514031604,17.68870240942384
14.284061324848134,59.16575645959886,17.68888333707766
14.316483463504001,59.1722464355932,17.68921582760263
14.352521454054575,59.170658282273806,17.688890569978163
14.385184649503422,59.17725848599691,17.689643941626997
14.420619998071546,59.1784860095601,17.690135617573155
14.454609005881785,59.18031838310126,17.690626180644458
14.49161122360428,59.1761482281279,17.68987704654824
14.528131327740816,59.17459779847587,17.689134256283708
14.561276636775624,59.17837750168103,17.689891115991305
14.595506701378845,59.18227016095054,17.68997096178591
14.630580464757497,59.18488804903718,17.68988878825404
14.667703210876482,59.17795720386031,17.689318049047227
14.70506701378845,59.17462505772204,17.688415724819777
14.74038183396008,59.177665177945556,17.688079467815378
14.775455597338732,59.179317440919576,17.688213755324924
14.809806190338444,59.18241250099657,17.689438243276175
14.846928936457429,59.18152296374842,17.688370414149336
14.88115900106065,59.18870587613089,17.689911159973413
14.918161218783146,59.18544336981504,17.690069990320634
14.951909169800405,59.18758779967035,17.691027442778818
14.989755086298333,59.182715660404604,17.69059869536154
15.026275190434866,59.18133480014668,17.690111751291013
15.062915822967891,59.18056721419636,17.689694712881728
15.09582007520972,59.183121449824185,17.690571752774222
15.133304406518176,59.17596298596367,17.690026507534558
15.168860283482788,59.18064848840642,17.690811964813562
15.204054575257931,59.17954592523558,17.690388786349406
15.239007810240093,59.17909411715328,17.690111374555404
15.275407385980136,59.17793481972029,17.689745906089776
15.312530132099123,59.17432814141888,17.688891012884223
15.347483367081285,59.17978079188052,17.68839673976738
15.382557130459936,59.18031843100129,17.689305999120663
15.420523575354354,59.177754379247624,17.68947479314319
15.455235753543535,59.17911920694243,17.689824546275446
15.490550573715167,59.17824143922093,17.688571618572613
15.52634750747276,59.177781791793024,17.688270827456265
15.563470253591746,59.17681500309825,17.687118568186005
15.5997493009353,59.17677301329465,17.687672064139715
15.635546234692894,59.176576843072525,17.68817273306341
15.674838491948703,59.17176296259089,17.687451416610596
15.710514897309807,59.17636778758069,17.687429145117314
15.748240285411242,59.173470567465635,17.68698439027628
15.77993925368817,59.184010674514596,17.68770128896246
15.815736187445761,59.18443521672187,17.68788889517918
15.850448365634943,59.183470776832515,17.68826250278877
15.886968469771478,59.18228944092455,17.688486885005123
15.923247517115032,59.184631830006,17.688344024890355
15.959526564458587,59.18545369360039,17.687604537531847
15.997493009353004,59.1817152979383,17.68681826060347
16.03377205669656,59.17890776751166,17.68691791058203
16.06932793366117,59.178074641992175,17.686067299418347
16.105606981004726,59.17616040522912,17.68466325083755
16.14272972712371,59.17647632575181,17.684424611426998
16.17647767814097,59.179843730515735,17.684845013409987
16.21046668595121,59.18159856265326,17.68549123821176
16.245419920933372,59.18450776731369,17.685628200472415
16.281940025069908,59.1813794958105,17.684527785057135
16.319906469964323,59.17501590450664,17.68337139036895
16.35702921608331,59.17176852840746,17.68271148483729
16.394995660977727,59.17133655297857,17.68203957964644
16.4298283675634,59.17294629272442,17.68170481075408
16.468397454440264,59.16711493634571,17.680759739708336
16.50407385980137,59.165665174617466,17.680331435792
16.53987079355896,59.16781223406471,17.68016082059154
16.57241346061132,59.17578420747911,17.680614571671743
16.609054093144344,59.174132536973836,17.679826860264402
16.643163629351076,59.17567895175644,17.680088093768866
16.68125060264198,59.17145798732082,17.679308037226587
16.715842252434673,59.173508467740746,17.680328802576668
16.752844470157168,59.17411251901849,17.679738471610563
16.789846687879663,59.17543175830326,17.678875635385452
16.82600520682673,59.17544947303162,17.678526412102187
16.86132002699836,59.17536543585285,17.67883310204893
16.896875903962975,59.1751748720129,17.67988569909722
16.931949667341627,59.17591023878784,17.679716961580333
16.969433998650082,59.17214500511827,17.678803397520234
17.003905120046284,59.17492121643559,17.678820035658863
17.039340468614405,59.175021947049856,17.679187910759413
17.072365249252723,59.17782715579726,17.67991798616634
17.108041654613828,59.17687661777394,17.680820131666707
17.14456175875036,59.17321783755393,17.68047232009773
17.180599749300935,59.17411091476181,17.6793178882266
17.216276154662037,59.173173882721485,17.678929745909066
17.250506219265258,59.1751977431749,17.679449840361585
17.2844952270755,59.17499359467077,17.679410204653816
17.32294378555588,59.1728616351308,17.678226425935744
17.35777649214155,59.17542372641121,17.678679528403347
17.395863465432456,59.17287809569608,17.67709246477186
17.43202198437952,59.17140219683432,17.676231406535212
17.467095747758172,59.1733879487389,17.676101126130707
17.502048982740334,59.17449892742776,17.67635997383973
17.53893067206634,59.173750806609995,17.676377920869086
17.57460707742744,59.17271928007034,17.67628548744337
17.609921897599076,59.173100621180495,17.676716747317755
17.644393018995274,59.17554637760779,17.677744979303206
17.678984668787965,59.172818063395574,17.677612581193195
17.713937903770127,59.17425713420613,17.677319897214286
17.751060649889112,59.17239811603725,17.677355179701582
17.786013884871277,59.174171058638,17.677432284288045
17.819400250699065,59.1753556596271,17.677324244066508
17.855076656060167,59.17523727636495,17.677544820447846
17.891476231800212,59.17526567072232,17.676820499847963
17.92968373348761,59.17140112529161,17.67613742209724
17.964636968469772,59.17114540703121,17.675667575226033
18.001518657795778,59.168079173273554,17.675129312855038
18.03707453476039,59.17036584334407,17.674654755933027
18.070340372191687,59.17548230745143,17.675564816529384
18.10481149358789,59.17786105819272,17.675483853388336
18.13976472857005,59.18025272647878,17.675761017145543
18.17423584996625,59.18106587043559,17.675912142959675
18.209309613344903,59.18228951371272,17.676218615329677
18.2463118310674,59.18194564279551,17.676667337844616
18.278975026516246,59.188325143567575,17.677864699269467
18.313687204705428,59.1880313184083,17.678928376529633
18.351533121203357,59.18503566574721,17.678281923546976
18.387450583357438,59.183711690500715,17.678162084744823
18.423126988718543,59.18140086362289,17.678034968565296
18.457718638511235,59.18171519957354,17.678348703549823
18.493636100665316,59.183988338130376,17.6788215101128
18.528589335647478,59.18404192896609,17.67860030772533
18.564265741008583,59.183586938663026,17.678921168544818
18.601026901938095,59.18107712083622,17.67908918216058
18.638631761643044,59.17716005385285,17.679693485282076
18.674067110211165,59.17541908862387,17.67928088560485
18.707332947642463,59.17938494636099,17.679493886609084
18.741201427056215,59.17977312762031,17.679499381640362
18.77760100279626,59.1749778572065,17.679330480529252
18.81388005013981,59.174519480995016,17.678497738376638
18.850038569086877,59.17240551137935,17.6781002068645
18.883786520104138,59.174446995181974,17.678343370620507
18.917896056310866,59.17601924702517,17.67857510546629
18.95333140487899,59.17568381482482,17.6790590204034
18.98780252627519,59.17795156433817,17.679496740635013
19.023237874843314,59.179725385425094,17.679173592549105
19.057588467843022,59.18160297598918,17.67872196451126
19.092662231221677,59.18592397731636,17.67820872947789
19.126771767428405,59.18903210542017,17.67797009591938
19.160881303635136,59.19076687699266,17.678321194654107
19.19679876578922,59.191893311469535,17.678489316343217
19.233559926718733,59.19174715694774,17.677716553624656
19.270803201234212,59.190372270505506,17.677604297070676
19.307082248577764,59.19000099358248,17.67727909679596
19.3436023527143,59.188914967794105,17.675581893063303
19.37915822967891,59.19089933069876,17.675820967640302
19.41664256098737,59.18654820084467,17.675177872364188
19.450028926815158,59.19266862392559,17.675467564283085
19.486307974158713,59.190133379105625,17.67482491257427
19.522587021502265,59.19007510689064,17.674698052196028
19.561156108379134,59.187804749247476,17.67431893510816
19.59827885449812,59.18589153085224,17.67395098868361
19.63166522032591,59.19113870452911,17.673509217722014
19.669390608427346,59.190527395033634,17.67340315789784
19.70603124096037,59.191044329073485,17.67297270447061
19.74460032783724,59.186963107647536,17.671926688255667
19.779071449233438,59.18972823491963,17.671935111423238
19.81366309902613,59.190614263301086,17.67232908072214
19.849460032783725,59.190536016513406,17.67207272236424
19.884292739369396,59.191831242331894,17.671975662604346
19.920089673126988,59.19154956703383,17.671447812427942
19.956489248867033,59.190941781623785,17.67140790013528
19.987947160350977,59.19580531422005,17.67224941462304
20.025672548452416,59.19198915382121,17.671669334417413
20.061831067399478,59.190473388449206,17.671516204658488
20.097507472760583,59.19463579967452,17.67158935540868
20.128121685469097,59.20256414641237,17.67382512447616
20.160302767331984,59.207593368484204,17.674897498270358
20.19790762703693,59.202642925135784,17.674269641800496
20.235391958345385,59.199440079516485,17.673547671695996
20.27167100568894,59.19709073971193,17.67329410664079
20.303852087551828,59.20100752007169,17.673899066674466
20.34013113489538,59.200044484953686,17.67356380281061
20.37906180696172,59.19505555501926,17.67249788087863
20.415461382701764,59.1949467963373,17.671927392550508
20.4531867708032,59.19268384766513,17.671298722179717
20.489345289750265,59.193059776372706,17.671498577283216
20.52550380869733,59.195292133108424,17.671744178972194
20.562385498023335,59.19471498823214,17.671267559132882
20.596133449040593,59.197425036174614,17.671548482349902
20.63156879760872,59.19815031106238,17.672041814069708
20.670861054864528,59.19252101620145,17.670871169896714
20.70701957381159,59.19308713290833,17.670750564905894
20.74197280879375,59.19234554142015,17.670879960300848
20.777769742551346,59.18985268111842,17.67121024670218
20.813446147912448,59.190208580489944,17.671602172199247
20.849363610066533,59.18749174232272,17.670882659815103
20.88335261787677,59.1889370963411,17.67095344070056
20.915774756532638,59.19564149048986,17.672288900076268
20.94892006556745,59.19852014263346,17.673117832064875
20.98423488573908,59.199656915473255,17.67371006203174
21.021719217047536,59.195910537151406,17.673297877388258
21.059926718734935,59.1929675421429,17.672131577694024
21.093192556166233,59.192267782817034,17.67288650795551
21.131761643043102,59.18845248708679,17.672302436441377
21.167799633593674,59.189530211947215,17.672517324100326
21.20010124385305,59.194293005451804,17.6734897769005
21.235295535628193,59.19168569827071,17.673741096798153
21.274346736091022,59.18716068108878,17.672505152887112
21.310505255038088,59.18790841752707,17.672174558208457
21.348471699932503,59.18378633729304,17.671470671331534
21.382822292932214,59.18667353755832,17.671684760645597
21.41910134027577,59.18550144806377,17.671513149910993
21.45791148394562,59.1821387466125,17.671048905340896
21.492141548548837,59.18421534517487,17.67137890914865
21.527335840323982,59.18371077949679,17.671278307207587
21.562409603702633,59.183901621017334,17.671324410215973
21.59627808311638,59.186555571247,17.671251086903762
21.632557130459936,59.18502397991554,17.671085907214138
21.668113007424548,59.187361376282375,17.671279643154037
21.700655674476906,59.18989981413482,17.67246615850687
21.73789894899238,59.18646752658972,17.67208416716593
21.772852183974546,59.18789226118665,17.6718352363888
21.808890174525118,59.188479018415975,17.671113163737584
21.84275865393887,59.190268266703896,17.671378589728356
21.879881400057855,59.18754131088719,17.670686554078625
21.912544595506702,59.19138773164775,17.67157619179823
21.948341529264294,59.18994388367965,17.671569517568685
21.98413846302189,59.19087870340124,17.672210961839742
22.01993539677948,59.18953150444415,17.672429307177765
22.055250216951112,59.191083001413915,17.67237323329035
22.091770321087647,59.187949500122464,17.672010999284524
22.127687783241733,59.18602815799243,17.671879479042317
22.16035097869058,59.19055873820563,17.672595040744934
22.198196895188506,59.188259095854654,17.67176216569199
22.23495805611802,59.187235765343026,17.671130805753318
22.270875518272106,59.18577862597106,17.670892092406856
22.304623469289364,59.188295720942754,17.67113605545968
22.3423488573908,59.18614482236274,17.67068610615605
22.378627904734355,59.184036861010604,17.6702240827226
22.41526853726738,59.18226252845006,17.670014676866927
22.45022177224954,59.18481381008935,17.67028649000023
22.485054478835213,59.18507546934516,17.669937917018586
22.520489827403335,59.184244097653036,17.67020039335641
22.55556359078199,59.185404898475504,17.66990485282273
22.589070485006268,59.18530455802609,17.670770628445943
22.626675344711213,59.1812728170138,17.6699135023589
22.665485488381062,59.18110858353448,17.66865749197605
22.69863079741587,59.18316922883528,17.669318429494393
22.73286086201909,59.186720591003805,17.669069838924717
22.767814097001253,59.18781813625089,17.669123668948124
22.804575257930768,59.183387301018875,17.668556804772983
22.840974833670813,59.182956983225786,17.668149187635176
22.875325426670525,59.18293611365601,17.668158470817737
22.909917076463216,59.18467699509347,17.66904771035073
22.945955067013788,59.18427727026175,17.668772842736928
22.981752000771383,59.1843069091812,17.66844114429077
23.01513836659917,59.18625577627591,17.66831349161512
23.050091601581332,59.18699221692728,17.66793822854151
23.083839552598594,59.18907458272159,17.668662572400955
23.119395429563205,59.18665662381433,17.6686134150615
23.155071834924307,59.18646127437547,17.668311278793727
23.191832995853822,59.184357447097355,17.668057614809353
23.228714685179828,59.18325853666801,17.668197755496273
23.264270562144443,59.18267654926673,17.66831846123834
23.29886221193713,59.18456113680032,17.668487089762646
23.33646707164208,59.181685749281634,17.667591462256134
23.37262559058914,59.1798844344339,17.667510730159247
23.41035097869058,59.17681478647964,17.667194636666032
23.448437951981486,59.17406742101199,17.666731056342815
23.48495805611802,59.174736736241776,17.666172113146395
23.518706007135282,59.175774515875275,17.665896057167537
23.553900298910424,59.17805472115107,17.666129212433905
23.59078198823643,59.177237630824806,17.66606518488438
23.627302092372965,59.17764288168594,17.66621636826553
23.661893742165653,59.180100512125286,17.666746604249116
23.695521164786424,59.181669258511036,17.667384386229433
23.73192074052647,59.180411473493045,17.666838217158613
23.764945521164787,59.18478452121461,17.667745822974368
23.79941664256099,59.18657982798997,17.668371234949753
23.83424934914666,59.187582167424445,17.66856892506305
23.871613152058625,59.18660888523461,17.66816184510914
23.907289557419727,59.18583189469807,17.66809354289788
23.940675923247518,59.189883300460224,17.669184754012736
23.974423874264776,59.19121418401303,17.669323070471364
24.01094397840131,59.19000307282598,17.6694162496768
24.045053514608043,59.19121708144287,17.670504926264446
24.080850448365634,59.1893178201784,17.670835052272555
24.11652685372674,59.18829394055594,17.67075641763793
24.15123903191592,59.19064784831266,17.670498495812343
24.186674380484043,59.190944697743085,17.670867006755227
24.221748143862694,59.19259564600268,17.671260093464685
24.253206055346638,59.19982805954655,17.67221731471999
24.288279818725293,59.19931322269038,17.67267681636493
24.32624626361971,59.195762489133294,17.67225260223299
24.363369009738694,59.19264677084952,17.671578129217355
24.397599074341915,59.196270009091144,17.672076124724917
24.433396008099507,59.1952947144039,17.671953702755882
24.4679876578922,59.195922124804525,17.67276768457264
24.50209719409893,59.19792385876459,17.673198729453862
24.53753254266705,59.196406739167905,17.673313395508025
24.574293703596567,59.193672345331116,17.673323274610745
24.610813807733102,59.19265035633061,17.67300415110217
24.64359753157844,59.195293338149625,17.673720245838933
24.67903288014656,59.195414897199875,17.673900316268927
24.716035097869057,59.19506036251335,17.673281893048546
24.754001542763476,59.192549792564094,17.672389076620725
24.79028059010703,59.191285887184776,17.672557445402397
24.822823257159385,59.19455055556436,17.673020077076497
24.85849966252049,59.19266185740799,17.673527755396115
24.89393501108861,59.19173797673688,17.67388885825929
24.930937228811107,59.19018419432738,17.673441870227986
24.966734162568702,59.191891332827694,17.672975720053024
25.002531096326294,59.19150627154121,17.672526460717467
25.037725388101435,59.19154336363851,17.67217334440918
25.070991225532737,59.19399863855098,17.672116358420816
25.104859704946485,59.19594721664995,17.672683498354626
25.14150033747951,59.19410938484231,17.6727900716128
25.18018995275287,59.19039079867012,17.672030663129924
25.217433227268344,59.18989929331724,17.671369074383943
25.25443544499084,59.18757304246201,17.671177058469652
25.28962973676598,59.18848844740696,17.671461061920986
25.325185613730596,59.18667824337107,17.671366012607756
25.362911001832032,59.184469107737904,17.671017643373858
25.397743708417703,59.183436285134846,17.670751571264322
25.432817471796355,59.18407217272556,17.67093836973698
25.467288593192556,59.18606627674288,17.67101384385866
25.501759714588758,59.18844839990819,17.67173646926022
25.53598977919198,59.189243852873474,17.671646160509866
25.57214829813904,59.189628475528245,17.671109151666077
25.607342589914182,59.19209729713118,17.671039575986008
25.641693182913894,59.194649409336684,17.671148634166816
25.679418571015333,59.19245664640243,17.670763330589423
25.71774660109922,59.188845429246314,17.670520492722076
25.753664063253304,59.18929810856598,17.6700236327385
25.789702053803875,59.19041497717035,17.669811612936968
25.82670427152637,59.18782866731297,17.66891133059438
25.861175392922572,59.19234836324354,17.668885011190287
25.89962395140295,59.18965782471707,17.66792230184444
25.936867225918427,59.187168574614816,17.666908263770328
25.971458875711118,59.1887755875089,17.667248493892632
26.004604184745926,59.19033225771062,17.667326773713807
26.037990550573713,59.19196956474104,17.66720675462115
26.06968951885064,59.19470405572136,17.667892315034152
26.104401697039822,59.19402821975156,17.668234620928743
26.141886028348278,59.19301916043288,17.667492870945694
26.180696172018127,59.19025297549153,17.666831443976402
26.21504676501784,59.19152688656235,17.666858760927997
26.254580079066628,59.18550510113265,17.666119748829995
26.28953331404879,59.186686401050835,17.66695194556346
26.326656060167775,59.18404338214822,17.666851040581964
26.36341722109729,59.18326217418565,17.666250193290526
26.39824992768296,59.18561682509452,17.666287396647956
26.433444219458103,59.18588767758577,17.666359677717598
26.469482210008678,59.18584294470318,17.66623130298807
26.506122842541703,59.18623382600756,17.66578164119116
26.545174043004533,59.181177081113134,17.66465503637258
26.581573618744578,59.18103695587394,17.66430139178847
26.61761160929515,59.180319990536326,17.66425500899172
26.654252241828175,59.17936014530741,17.663471709283623
26.692821328705044,59.176281265495646,17.662958392585967
26.7315109439784,59.17325219011224,17.662262797830522
26.76489730980619,59.17756947495556,17.662521893584557
26.800814771960273,59.17592131908401,17.66259642212677
26.83902227364767,59.17206631390194,17.6620914468348
26.873493395043873,59.173897837698284,17.66191617932775
26.908567158422525,59.174511568029374,17.66168031156028
26.94484620576608,59.17314832231801,17.661553305531204
26.982692122264005,59.17142820667607,17.661218208591485
27.015355317712853,59.17404957232576,17.662293561841988
27.051513836659918,59.17235432795855,17.662265238455305
27.085382316073666,59.17411525325195,17.662584409794615
27.120335551055827,59.174016463787474,17.66338755424003
27.158784109536207,59.171030458968275,17.66291633256977
27.195906855655192,59.16930409810702,17.662736627159873
27.230860090637353,59.16869531900897,17.66248196173514
27.26786230835985,59.167009594767286,17.662839625265054
27.304261884099894,59.16549350993473,17.66272337056332
27.339697232668016,59.16556854104109,17.662455136734195
27.37669945039051,59.163893488379614,17.66201379045857
27.412978497734066,59.162933503308224,17.66186097480138
27.4494986018706,59.16249612233517,17.66163414227994
27.484090251663293,59.16360881735103,17.661715737130038
27.52085141259281,59.16208361278784,17.6612447308739
27.557733101918814,59.16016490190194,17.661142361506805
27.593771092469385,59.160082700208186,17.66079902438207
27.63077331019188,59.15886651678027,17.660778145506207
27.66898081187928,59.156746331803845,17.65981615961158
27.706344614791245,59.15493208006468,17.658920703580417
27.742021020152347,59.15553441887537,17.65898416959447
27.77685372673802,59.15527655290731,17.65864407384423
27.812530132099123,59.15500935476048,17.658241410327232
27.847603895477775,59.15613216636232,17.658750035403486
27.883400829235367,59.1562648964531,17.658832211066343
27.918474592614018,59.1577432852032,17.658842221903114
27.95306624240671,59.158339995844,17.658694997503673
27.98741683540642,59.15964612976414,17.65864046168691
28.023816411146466,59.15667137446686,17.658876663397088
28.06190338443737,59.15361255019745,17.65820260833745
28.097097676212517,59.154265729609634,17.65803861370261
28.134461479124482,59.15333990120198,17.65789651327537
28.170619998071544,59.1538071686968,17.657593695435512
28.203283193520395,59.156269418475574,17.65800133490106
28.237633786520103,59.15642738594998,17.65834545520479
28.273189663484718,59.15676390956498,17.657955532622896
28.307178671294956,59.15921816853893,17.658418892995385
28.341529264294667,59.16220910038208,17.659195722973394
28.37660302767332,59.16145997758898,17.659632955964394
28.41071256388005,59.16330140448805,17.66000338469962
28.446027384051682,59.16369059978129,17.6597764933467
28.47929322148298,59.16588755571147,17.660436483197966
28.514728570051105,59.1646903275027,17.660554094354
28.55185131617009,59.16298329207494,17.660635652301888
28.588853533892586,59.16215583378097,17.660252346358288
28.623324655288787,59.16473078490476,17.660338333066925
28.662375855751616,59.16189547220229,17.6596701410913
28.696485391958344,59.164698557749205,17.65982192849865
28.73324655288786,59.16414576574292,17.65973312414337
28.769646128627905,59.163758297406424,17.659661190785663
28.803514608041656,59.168006506409874,17.66012651501648
28.839070485006268,59.16720707191372,17.66015586539322
28.871131038472665,59.17079581307111,17.660724004321487
28.904758461093433,59.17341386847893,17.66066827774707
28.940434866454538,59.17334321780293,17.660585045769643
28.973459647092856,59.17444358584615,17.660744787410167
29.01046186481535,59.17305999352045,17.660560886925854
29.04396875903963,59.17389536459745,17.66090674033082
29.080247806383184,59.173254727836365,17.660756893087395
29.115683154951306,59.174764665123114,17.660734775358062
29.15208273069135,59.17388684366439,17.660402663213528
29.186192266898082,59.17573256321682,17.660942316991452
29.222109729052164,59.17449807954279,17.660534524593157
29.2586298331887,59.17345559001406,17.660300097763937
29.295873107704175,59.17332800314436,17.659885111160804
29.331067399479316,59.173039046273715,17.659810187716573
29.36662327644393,59.1745056182411,17.659682874824597
29.402299681805033,59.17484469554972,17.65926446237154
29.437855558769645,59.17514537920614,17.65882402737695
29.471844566579886,59.17836531157711,17.659776630861604
29.5086057275094,59.17706163950718,17.659372911869934
29.545487416835407,59.175866542539815,17.65929736560141
29.582369106161412,59.175489225804846,17.65887877580292
29.617201812747084,59.17441023962572,17.65857859396012
29.65504772924501,59.171962895972655,17.658035556290997
29.68975990743419,59.17213900002983,17.65819934639501
29.723748915244432,59.17330799309987,17.658264251490696
29.760630604570437,59.1731385779928,17.657920512642114
29.79618648153505,59.173977091067634,17.657667326558123
29.829331790569857,59.173735314204265,17.658122978666082
29.86549030951692,59.17502537268186,17.65852138952611
29.902130942049947,59.17276516753529,17.658448984310485
29.938651046186482,59.172956305637,17.65859282335297
29.975894320701958,59.172296049445535,17.657965338860976
30.01084755568412,59.17267750065178,17.657985334462957
30.047006074631184,59.17182149156639,17.658293346133576
30.083044065181756,59.1719325336522,17.658203583382857
30.12004628290425,59.17066954220175,17.658233030021115
30.156445858644297,59.17075853335748,17.658152029910998
30.19151962202295,59.1712427121484,17.65825347613185
30.22647285700511,59.17022676061842,17.65831502562732
30.2610645067978,59.170364973712076,17.658578969088754
30.297584610934337,59.16929669112332,17.658267725304093
30.333019959502458,59.16889615014578,17.658499505827706
30.366285796933756,59.17101653137655,17.65849482821625
30.400877446726447,59.17240888129195,17.658787774869037
30.440049175585767,59.169832673187294,17.65817216852399
30.47644875132581,59.170251382214644,17.657590555427483
30.510678815929033,59.16929176404931,17.657423395609133
30.545752579307685,59.171219182915294,17.657708845084972
30.579741587117926,59.17202802604349,17.658110431937907
30.614815350496578,59.17224152840688,17.658140570115286
30.652661266994503,59.16954850642032,17.657655058281772
30.68894031433806,59.168029763622954,17.656969921791237
30.726786230835984,59.16737541624022,17.656184342829203
30.759811011474305,59.1703130124549,17.65703311583292
30.793438434095073,59.173293021234166,17.65759263610528
30.828994311059684,59.172474117868646,17.658030997455292
30.86551441519622,59.171162725440674,17.65807815925369
30.901311348953815,59.170809857024096,17.657773412789364
30.936867225918427,59.17116561099216,17.657655802581893
30.969530421367274,59.17429589213478,17.657669961872585
31.00725580946871,59.17321560063987,17.657517168715344
31.04534278275962,59.17069157645955,17.656931333243282
31.08138077331019,59.17131751648578,17.65669386214887
31.11524925272394,59.172851591843965,17.656915849371202
31.149238260534183,59.1740307665088,17.65743316433409
31.184914665895285,59.17364239560076,17.657370224969466
31.22251952560023,59.170861795588735,17.65671906258431
31.26084755568412,59.16977841027159,17.6562936657401
31.29531867708032,59.17231684613063,17.65668855398184
31.330874554044932,59.17208926835321,17.656668791883817
31.365707260630604,59.174148569169496,17.65647496603683
31.39861151287243,59.17538374744365,17.656521244361272
31.435131617008967,59.174859786898004,17.656712103888278
31.47032590878411,59.17471644656812,17.656853946445576
31.508051296885547,59.17358908405447,17.65689809362094
31.54445087262559,59.17341603124883,17.65727398698197
31.581332561951594,59.17325625783935,17.65725892434303
31.613995757400442,59.17485882916929,17.657452170754762
31.649672162761547,59.175363835222015,17.657287116170142
31.688964420017356,59.172540378371075,17.656618573355416
31.72560505255038,59.171932632859004,17.65650184678367
31.759955645550093,59.17268862253182,17.65637445047768
31.795752579307685,59.17221761362933,17.656324219079053
31.831308456272296,59.17155189472643,17.65656475014641
31.8681901455983,59.171773978113066,17.65630981122744
31.902661266994503,59.17306523610182,17.65619048997997
31.936047632822294,59.17498547835157,17.656715247195727
31.969795583839552,59.17738224407662,17.657184501782538
32.00800308552695,59.17458765509534,17.656872543538128
32.04235367852666,59.175020577648375,17.656898552307634
32.07561951595796,59.17752198162931,17.657114542770273
32.11009063735416,59.17679670608354,17.657088514196
32.1490213094205,59.17565850896123,17.656907562213537
32.18252820364478,59.17747064579256,17.657328359481337
32.218566194195354,59.17457534447421,17.656868897851766
32.254965769935396,59.17459184202738,17.65659862632767
32.29317327162279,59.17182485622594,17.656162913739855
32.328488091794426,59.17203356678271,17.656380963190394
32.36380291196606,59.17199350440035,17.656157014695175
32.4003230161026,59.17018662219448,17.656402897501607
32.433468325137405,59.17176462020246,17.656604278722504
32.471073184842346,59.170949277020604,17.65618687342569
32.5073522321859,59.171615547989894,17.656411296622554
32.54146176839264,59.17234746526496,17.657127636276552
32.575812361392344,59.17246734099506,17.656913689522206
32.612452993925366,59.17039759892441,17.656781355875616
32.645598302960174,59.17258053818743,17.65700132188312
32.6822389354932,59.171314309117406,17.656931487867073
32.715745829717484,59.17291751586464,17.657389812859467
32.75057853630315,59.17403004046162,17.65795746462706
32.78541124288883,59.17507886908781,17.65840816588067
32.82084659145695,59.175314609200946,17.658727559992187
32.853991900491756,59.177355947433455,17.658905027910283
32.89147623180021,59.175900536005734,17.65846988995919
32.92618840998939,59.17690922540104,17.658657846170005
32.96150323016103,59.17552397444319,17.658437400771444
32.99862597628001,59.17476611265362,17.658014497727414
33.03623083598496,59.17225867474995,17.65747775218316
33.07094301417414,59.17284171056155,17.657691178120754
33.1083068170861,59.17306631907648,17.657872949641817
33.1453090348086,59.17149309107429,17.65732828182739
33.1797801562048,59.17231110115786,17.657603978458667
33.215818146755375,59.17235065096682,17.65734057658069
33.2524587792884,59.17207311731209,17.6569636301127
33.28729148587407,59.173168633271345,17.656802817358983
33.32381159001061,59.17159151655842,17.65645724204878
33.36045222254363,59.17149638379693,17.656133690769245
33.39793655385209,59.170550505623524,17.655924221300957
33.43132291967988,59.1722674108812,17.6565678241808
33.467601967023434,59.171832543258084,17.656211417242368
33.503037315591556,59.17176711127562,17.65648332871157
33.54124481727895,59.16880639718289,17.65574724040335
33.57643910905409,59.16867835424169,17.655927979261442
33.61030758846784,59.17010139463377,17.656299653274644
33.64526082345,59.17157859326323,17.6560954643737
33.68117828560409,59.171167959464256,17.65602247247679
33.71540835020731,59.1729802863277,17.656446414908586
33.753013209912254,59.17177793361452,17.656451269217097
33.79037701282422,59.17116676278522,17.656251566856294
33.828222929322145,59.16854942775217,17.655700381712844
33.860765596374506,59.17043324080399,17.656039531800708
33.89668305852859,59.17014496330548,17.65579330620491
33.929105197184455,59.17122087626474,17.65636931781189
33.96333526178768,59.17248753602274,17.656213566184825
33.99684215601196,59.17349725787285,17.65670858753969
34.031192749011666,59.172075926780145,17.6574378985449
34.068315495130655,59.17093266464056,17.657030753252684
34.103027673319836,59.1714994422888,17.656838780915482
34.139065663870404,59.17053826649388,17.656652242894555
34.172813614887666,59.17260903624173,17.656711351565043
34.20619998071545,59.1748721526544,17.6570522142136
34.244407482402856,59.17226256184465,17.656747570131664
34.278999132195544,59.17197223637838,17.656949693870057
34.31503712274612,59.17113261906777,17.656725475460494
34.34938771574583,59.17113054092271,17.65664778998494
34.38397936553852,59.17206932577677,17.656159567956788
34.417968373348764,59.17372102898138,17.6561929620866
34.452680551537945,59.17392931309791,17.656414246690467
34.48871854208851,59.17373271297656,17.65626336712166
34.52439494744962,59.174022294214645,17.656559255621787
34.55922765403529,59.17490104507789,17.65652640531385
34.594060360620965,59.176939280284124,17.65703189060634
34.63118310673995,59.17569364720324,17.656842843656747
34.66589528492913,59.1764781025783,17.65703263623546
34.70060746311831,59.177608257947426,17.656872477120043
34.735199112911005,59.179455945155425,17.657030873729468
34.769670234307206,59.180863708399364,17.65750818413672
34.803297656927974,59.18216180915036,17.658053099916074
34.83668402275576,59.184604326502836,17.658223751087473
34.87223989972038,59.18484808301616,17.657878931670634
34.90924211744287,59.18247990022337,17.657826625527534
34.946123806768874,59.182211084988666,17.657663028064565
34.98095651335455,59.18261150841367,17.65746077846183
35.01446340757882,59.18461393641967,17.657851577361686
35.049175585768005,59.187500087717204,17.657969933660173
35.08533410471507,59.187095598286696,17.658038744566753
35.11884099893935,59.18903019777019,17.658518219021445
35.151745251181175,59.19006166680892,17.65918621793777
35.188867997300164,59.18870862676795,17.658984000732506
35.22442387426478,59.18791990358714,17.658746677703583
35.258171825282034,59.19013632584276,17.65876807638789
35.29505351460804,59.18940727392833,17.658587761465313
35.330729919969144,59.189162849624786,17.658398788617376
35.36556262655482,59.189268129850625,17.658940803990458
35.40039533314049,59.18948661371809,17.659010495062635
35.43992864718928,59.186670479119876,17.658488521017826
35.47439976858548,59.18747686022955,17.658413479249322
35.50911194677466,59.18941793957897,17.65854694032116
35.544185710153315,59.18851145450167,17.659272622128817
35.57950053032494,59.187443055895436,17.659410179762872
