NUM_STATION,THROUGHPUT,SUCCESS_RATE,COLLISION_RATE,NUM_TRANSMIT,ALPHA,NUM_FAIL,DELAY,CONTENTION_STATION_NUM,AVG_OCW,RU_COLLISION_RATE
1,12.052839649021315,100.0,0.0,100000.0,7.999999999999999,0.0,0.0,1.0,8.0,0.0
2,21.09772201330634,87.52181623846862,12.478183761531383,199999.94,6.694268352395848,0.14256859794897184,11.828631434630296,2.0,8.574570073448848,1.2143884087724652
3,27.67908832320896,76.55347160077167,23.446528399228328,299983.6,5.607310002733097,0.30626390088063404,25.410103328264448,3.0,9.259206257267884,4.119722372755558
4,32.282995853823174,67.0260281114,32.973971888600005,399614.24,4.633209930122382,0.4919305518388067,40.814494024962116,4.0,10.082422130650366,8.339590643611963
5,35.22947883521357,58.84025881007867,41.15974118992133,496754.92,4.013539088478721,0.6994733653710236,58.03390617810309,5.0,11.065264549040267,12.318621949126584
6,36.82943062385499,52.15547922854196,47.84452077145804,585875.82,3.461026959955786,0.9172846360979561,76.10527168777523,5.74,12.167582599369789,16.242516380087697
7,37.51545656156591,47.077263171559665,52.922736828440335,661164.38,2.9594161967656873,1.1240910114368274,93.26358303689071,6.76,13.29045952406858,19.87059000822579
8,37.67692845434384,43.31782321402384,56.68217678597616,721638.22,2.59491857632319,1.3084104786644886,108.55620059383529,7.74,14.354220763545268,22.549422268356242
9,37.616673898370465,40.46603364369682,59.53396635630318,771259.36,2.304286380007493,1.4710801453782218,122.05257750174032,7.6,15.326309319683281,24.96437998686086
10,37.427434673609106,39.914244166335195,60.085755833664805,777987.62,1.6313541608105517,1.5052273793562299,124.88570521042769,8.5,15.550826756659696,24.93894495556085
11,37.24497878700222,39.653369455918366,60.346630544081634,779288.34,1.2963191124097748,1.521687501465249,126.25136862156877,7.7,15.661709915133686,25.351049405349336
12,37.07711647864238,39.49623924708525,60.50376075291475,778862.54,1.0911260044783662,1.53171883347202,127.08364817550655,8.24,15.712938890350872,24.696732538664705
13,36.93569568990455,39.40515321279167,60.59484678720833,777685.18,0.9423955768312541,1.5375326040825155,127.56600509551815,8.48,15.744324826391821,25.810723207957885
14,36.80979895863466,39.377544743135736,60.622455256864264,775577.78,0.8319856453238311,1.5393037575271507,127.71295415451264,8.58,15.743880912923517,24.9868704168976
15,36.701111271815634,39.38568901212194,60.61431098787806,773127.92,0.7542178984436225,1.5387519251952277,127.66716972959766,8.22,15.722886918688758,25.423851757642492
16,36.59732909073378,39.36189832521901,60.63810167478099,771407.6,0.6870293177079355,1.5402865780444075,127.79449680718841,8.28,15.722534907732753,25.032612532277085
17,36.539227171921695,39.35547669904556,60.64452330095444,770308.56,0.631632833911853,1.5406827408816601,127.82736564546958,8.82,15.72445600026786,24.924521263297965
18,36.47008967312699,39.313346299001545,60.686653700998455,769674.82,0.5824722777011453,1.5433612115266715,128.0495929979449,8.92,15.73605202342068,25.649837992944683
19,36.417037894127844,39.299465309442034,60.700534690557966,768826.76,0.5433781877419925,1.5442457527760527,128.12298161632356,8.68,15.737733818045813,25.732418886450443
20,36.36136582778902,39.196360007163186,60.803639992836814,769670.76,0.5043199040493453,1.5509266441100933,128.67728180852623,8.98,15.775074447309288,25.171338334935513
21,36.309495227075494,39.10713317228122,60.89286682771878,770326.46,0.4739485713253417,1.556739828446846,129.15959008657794,8.86,15.808900968360044,24.63830507270404
22,36.27434191495516,39.19299616452599,60.80700383547401,767894.6,0.4470036828072469,1.5511352122299404,128.6945862882937,8.72,15.76993037903144,24.108779076490393
23,36.2190796451644,39.238332224348916,60.761667775651084,765838.82,0.4238691751706652,1.5481452943445861,128.44651878118162,8.74,15.747968097662717,25.402384985565426
24,36.18293800019284,39.15005507025011,60.84994492974989,766799.76,0.4028602691402889,1.5538770596011036,128.92207188098436,9.0,15.780844813837128,25.471193764813542
25,36.15660977726352,39.09605173832528,60.90394826167472,767300.5,0.3811014586066199,1.5573875005296625,129.21332614394504,8.86,15.799806280146617,24.97429047907368
26,36.12110693279337,39.040741531182455,60.959258468817545,767633.02,0.3652631346976558,1.5609886309116319,129.51210472947628,9.38,15.820683852120283,25.63300214944418
27,36.09193423970687,39.1021696496887,60.8978303503113,765807.76,0.34806399341976046,1.5569398204133689,129.17618302005638,9.36,15.79959545827001,25.02165748151919
28,36.055064603220515,39.2037434892556,60.7962565107444,763043.48,0.3328319976906107,1.5503091151749588,128.626046667836,9.44,15.759012598601577,25.00216752074769
29,36.03329235367852,39.111108479040865,60.888891520959135,764388.96,0.3203799281217725,1.5563440734162737,129.1267550832014,9.34,15.793900525349335,23.871009223981606
30,36.019908880532256,39.057023118403734,60.942976881596266,765162.8,0.30859785645114163,1.5598614829440072,129.41858751689838,9.88,15.809051489090914,23.963014572593746
31,36.016490695207786,39.06705323208115,60.93294676791885,764894.22,0.2965947775837019,1.5591839536458587,129.3623742660896,10.08,15.802488561250868,23.985436988553055
32,35.98753736380293,39.04729755518006,60.95270244481994,764665.88,0.2855093134532761,1.5604730897434735,129.46933130983652,9.76,15.81172124549294,24.512098372774798
33,35.96482258220037,39.02608592657582,60.97391407342418,764598.54,0.27528954766382957,1.5618228955773348,129.58132200026031,9.76,15.82358727639074,26.300685696190467
34,35.957405264680354,38.987284408990696,61.012715591009304,765201.4,0.26536964255354606,1.5643430354316397,129.7904129636923,9.64,15.831935791116727,25.732757951777284
35,35.929187156494066,38.88807328205671,61.11192671794329,766551.86,0.25797592846961065,1.5709033931004575,130.33471271875877,9.6,15.872225344748196,24.846196098921517
36,35.9319062771189,38.81000035085858,61.18999964914142,768151.9,0.24913173350391876,1.5760463411824202,130.76141283522304,10.3,15.903987277591886,24.126786377985983
37,35.91933998650081,38.8696535350618,61.1303464649382,766704.82,0.24119585178883401,1.572045577641212,130.4294774857361,10.0,15.88300093504099,24.641834263927002
38,35.900349532349814,39.1127047045294,60.8872952954706,761537.74,0.23454598157155934,1.5560453122167013,129.10196746399527,10.18,15.782395635561416,24.448627847322946
39,35.874469675055444,39.272013193104975,60.727986806895025,757901.66,0.22823818278823682,1.5456394795398587,128.238616338463,10.08,15.717707733427888,25.037675507856292
40,35.850848519911295,39.143913950198446,60.856086049801554,759881.16,0.22210226258285048,1.5539978616638004,128.9320945865222,10.32,15.771294697184665,23.01254855322247
41,35.8683444219458,39.052560970392136,60.947439029607864,762030.62,0.21597895085450758,1.559941637782305,129.4252378035223,10.62,15.808118922561532,25.67531116284372
42,35.83566194195351,38.98508469283694,61.01491530716306,762653.88,0.2100062675159506,1.5643424810246704,129.79036696565487,10.48,15.833160702669913,25.0497352982219
43,35.83176887474689,38.964039020667116,61.035960979332884,762982.94,0.20484006162070492,1.5657518688629508,129.9073010558213,10.64,15.837581795489362,25.695568034578937
44,35.82940410760776,38.97380297819113,61.02619702180887,762741.34,0.19946151723469405,1.5650760597449405,129.85123052491824,10.64,15.836295014850188,23.509999429617718
45,35.810160543824125,38.964607083930716,61.035392916069284,762511.6,0.1948779579896001,1.5656715946089261,129.90064086151338,10.68,15.843833720312789,23.230646388831737
46,35.816693182913895,38.93356128309802,61.06643871690198,763259.0,0.1902081796814978,1.5676773563753954,130.0670549037538,10.8,15.845409572621206,25.137236678836313
47,35.78644537653071,38.92130855855133,61.07869144144867,762854.38,0.18584483481473113,1.5685054061284867,130.1357565356683,10.68,15.856949721034159,26.245277188857568
48,35.78731318098545,38.92435108108375,61.07564891891625,762813.36,0.18144018199640005,1.5682845477292193,130.11743235599786,10.82,15.852833533963334,26.780540255202187
49,35.780527432263035,38.98819013564913,61.01180986435087,761419.76,0.17726200896272293,1.56403214387498,129.76461891301935,10.64,15.82222311109036,25.031563667164054
50,35.779654806672454,38.99971574841365,61.00028425158635,761176.38,0.17362211002299752,1.5632759835084509,129.70188179972916,10.98,15.8258901324692,25.72280662600856
51,35.76569761835889,38.92059312697441,61.07940687302559,762426.18,0.16970744506502328,1.568456907297146,130.1317326846296,11.14,15.856446430024642,24.80718030449193
52,35.78351412592807,38.905516589082104,61.094483410917896,763101.48,0.1661971217777693,1.5694158021947382,130.21129027649303,10.94,15.85990230695979,25.207570371563307
53,35.749238260534185,38.893751604428225,61.106248395571775,762601.4,0.16296687747248398,1.5702089850063154,130.277099068004,11.3,15.864284325999684,23.771808685987097
54,35.73877880628677,38.92136064724396,61.07863935275604,761837.4,0.15961240550311076,1.5683600620123217,130.12369762503832,11.32,15.854083495444126,24.342995731576774
55,35.73724568508341,38.94711410593523,61.05288589406477,761300.98,0.15645826915937078,1.56663754667354,129.98078397241028,11.52,15.842317215668272,23.937171952666745
56,35.748175200077135,38.9066690792623,61.0933309207377,762325.5,0.1535670152431366,1.5692792782444718,130.19996315738734,11.08,15.860075591217123,23.098900368135983
57,35.734543438434095,38.873050181265974,61.126949818734026,762693.74,0.15049472420745455,1.5714765526351502,130.38226661903315,11.58,15.873612885876273,25.30892623992231
58,35.7369949860187,38.86959778534193,61.13040221465807,762813.58,0.14769636585925583,1.5717018509405292,130.40095916883382,11.26,15.876068558425619,23.995792763808467
59,35.728066242406705,38.85026434417207,61.14973565582793,763002.64,0.14512350985490582,1.5729587834752727,130.50524434737645,11.5,15.881561064012624,25.638924262639296
60,35.70829958538232,38.83960016509339,61.16039983490661,762790.04,0.1423743425092994,1.5736559118646702,130.56308369558798,11.74,15.889125470226116,23.436541800187054
61,35.72529408928744,38.84699664496297,61.15300335503703,763007.74,0.13992998154886724,1.5731358713468047,130.5199369739017,11.66,15.885498858320888,25.23637691681602
62,35.717934625397746,38.84296358118309,61.15703641881691,762929.66,0.13756511240118371,1.573356118748543,130.5382104603291,12.12,15.881765886253941,24.894143400647753
63,35.69651913990936,38.80543230046698,61.19456769953302,763209.56,0.13534731082927626,1.5758683976022223,130.7466492122612,12.78,15.897112257068075,24.736560610815612
64,35.70520200559252,38.77292022817957,61.22707977182043,764035.48,0.13292984499890992,1.5779825862896746,130.92205921928172,11.86,15.911171923696136,25.128880900884436
65,35.69809324076752,38.70817296415956,61.29182703584044,765161.1,0.13067927211708869,1.5823122991054965,131.28128683218483,12.3,15.929330413770776,25.758383235888957
66,35.709357824703496,38.596105174083135,61.403894825916865,767625.08,0.12863749224459486,1.5897840843655697,131.9012059116426,11.92,15.98128541964865,24.927180302096804
67,35.70717867129496,38.47200028307654,61.52799971692346,770054.16,0.12652171066186582,1.5981156076046161,132.5924557317398,12.22,16.02571853575898,25.140679690464744
68,35.6986982933179,38.48425898578756,61.51574101421244,769626.08,0.12446045736469288,1.5972751842040944,132.52272748304532,12.38,16.024094330275144,25.34921390019779
69,35.67983559926718,38.68825348505953,61.31174651494047,765163.54,0.12277004324270731,1.583619845283452,131.38977132347745,12.46,15.946792788698085,25.125594357761383
70,35.65516102593771,39.06039438557551,60.93960561442449,757349.26,0.12094845686980808,1.5589470666094485,129.34272022245273,12.64,15.796311970823659,23.52325114327117
71,35.64452560023141,39.36236899215621,60.63763100784379,751315.22,0.11938870978217525,1.5392746386810385,127.71053822208842,12.64,15.67486736494442,23.43516663734463
72,35.63953572461671,39.30242746682156,60.69757253317844,752355.74,0.11761326472881653,1.543133354221356,128.03068813303747,12.54,15.702111588343909,23.683433017470758
73,35.64871757786134,39.17750713348478,60.82249286651522,754949.04,0.11588215592540928,1.5512311591565395,128.70254681289978,12.42,15.749997058859348,25.102765591453196
74,35.64455452704657,39.08703404441055,60.91296595558945,756608.02,0.1140973320844128,1.557101716668086,129.18961522851777,13.12,15.78736824843352,23.650557365554633
75,35.64809324076754,39.01372056932866,60.98627943067134,758105.14,0.11254257544812832,1.5618723295205532,129.58542343566126,12.9,15.816818902022108,24.477452788944287
76,35.643269694339985,38.9668108575126,61.0331891424874,758915.12,0.11094469826370577,1.5649550747769028,129.84119264409009,13.14,15.832593061644257,25.98758955592827
77,35.63984427731174,38.92945036897413,61.07054963102587,759570.32,0.10935237182689896,1.567380638356096,130.04243680312857,12.98,15.846526933241666,24.8592754641992
78,35.649231028830386,38.914437493327895,61.085562506672105,760063.52,0.10792491557328762,1.5683922159256827,130.12636537092206,13.26,15.850478060967454,23.7326521819829
79,35.6504604184746,38.92394978290685,61.07605021709315,759904.18,0.10642932549309997,1.5677249229029626,130.07100140341302,13.38,15.849475470893747,25.12546710379757
80,35.645183685276244,38.91661202440775,61.08338797559225,759935.08,0.10511027572785883,1.568218172474886,130.11192533389635,13.28,15.854134052879365,24.796923628843967
81,35.63985391958346,38.91252406659317,61.08747593340683,759901.06,0.10367420748593471,1.568478796310291,130.13354877227223,13.56,15.85360564083428,24.56218684163933
82,35.63163629351075,38.908973526151016,61.091026473848984,759795.22,0.10236005394974346,1.5686969588135855,130.15164927884555,13.4,15.853180674888288,24.19612379925411
83,35.63804840420403,38.904835079049406,61.095164920950594,760012.84,0.10104659124337445,1.5689387122469463,130.17170707770464,13.58,15.853959509219141,24.85805609363989
84,35.63289943110597,38.89615439734204,61.10384560265796,760072.6,0.09978257464483466,1.5694497734047161,130.2141087998425,13.62,15.862673523619657,24.414699999621984
85,35.624366020634454,38.85141157923617,61.14858842076383,760765.6,0.09854215833449845,1.5724759169399944,130.46518187667746,13.66,15.873979676353574,22.83110703692141
86,35.62364767139139,38.874421772906,61.125578227094,760299.98,0.09731619589598592,1.5708679218030772,130.33176973615772,13.94,15.87313621975298,23.9988337370018
87,35.61289171728859,38.890677106323295,61.109322893676705,759752.84,0.09623199412801454,1.5698200305202508,130.24482829220418,14.16,15.864306487221283,23.926779693364143
88,35.62590155240574,38.88628094776734,61.11371905223266,760116.22,0.09507333236663044,1.57004965268528,130.26387958399232,13.9,15.867780189993503,24.07129808181687
89,35.620653746022555,38.87221621591781,61.12778378408219,760279.28,0.09396841981603492,1.5709655035620198,130.33986589953366,14.62,15.87565245296545,24.512387547469096
90,35.62225677369588,38.853158938809344,61.146841061190656,760686.32,0.09279802610904031,1.5721975102879597,130.44208303357144,13.62,15.88029625217247,25.004083348328404
91,35.629430623855,38.86904931094623,61.13095068905377,760528.58,0.09177955371722296,1.5711534419714517,130.3554587734874,13.82,15.874457166012524,24.896400337876614
92,35.61133931154178,38.89109440121277,61.10890559878723,759711.28,0.09072129328705207,1.5696844095071605,130.2335760879901,14.08,15.86610879879694,24.780373737968826
93,35.61064024684216,38.878038805384676,61.121961194615324,759951.66,0.08975475949721036,1.5705525621182417,130.3056049738263,14.22,15.871261474825893,25.68261058277934
94,35.61115851894706,38.85266721802675,61.14733278197325,760458.94,0.08870478278427617,1.572177595178513,130.4404307167709,14.52,15.877937467875118,22.810539804012716
95,35.61767428406133,38.86449057256399,61.13550942743601,760366.82,0.087772280890295,1.5713905668634596,130.3751325515275,14.82,15.877803219885795,23.8364337907949
96,35.60920595892391,38.85370305191575,61.14629694808425,760397.04,0.08678655296431449,1.5721003563177152,130.4340223629682,14.68,15.879352230564837,23.79024034595833
97,35.621825282036454,38.862852341751484,61.137147658248516,760487.32,0.08586827255897367,1.57147187417612,130.38187845664433,14.72,15.879551602481227,25.15930724517687
98,35.603003567640535,38.84147741746098,61.15852258253902,760503.8,0.08494572443847709,1.5728622550919378,130.4972355804679,14.96,15.887193603082148,24.507414382585388
99,35.59921897599074,38.82341595127925,61.17658404872075,760776.82,0.08400170079985532,1.5740295740800982,130.5940857022776,14.92,15.897619364374535,24.030761840940794
100,35.61221193713239,38.78640135477741,61.21359864522259,761780.78,0.08319607146222056,1.5764645740769365,130.79611278201529,15.06,15.908899357016239,24.79898828233625
